0.20 0.20 0.00
0.19 0.19 0.00
0.20 0.19 0.01
0.19 0.19 0.00
0.20 0.20 0.00
0.19 0.20 0.00
0.20 0.20 0.00
0.20 0.20 0.00
0.20 0.20 0.00
0.20 0.19 0.00
0.20 0.19 0.00
0.20 0.19 0.01
0.20 0.20 0.00
0.20 0.20 0.00
0.19 0.19 0.00
0.19 0.19 0.00
0.20 0.19 0.00
0.20 0.20 0.00
0.20 0.20 0.00
0.19 0.19 0.00
0.20 0.20 0.00
0.19 0.19 0.00
0.19 0.19 0.00
0.19 0.19 0.00
0.21 0.20 0.00
0.19 0.19 0.00
0.19 0.19 0.00
0.20 0.20 0.00
0.19 0.19 0.00
0.19 0.19 0.00
0.19 0.19 0.00
0.20 0.20 0.00
0.20 0.20 0.00
0.19 0.19 0.00
0.19 0.19 0.00
0.19 0.19 0.00
0.20 0.20 0.00
0.20 0.19 0.01
0.19 0.19 0.00
0.19 0.19 0.00
0.21 0.20 0.00
0.19 0.18 0.01
0.20 0.20 0.00
0.19 0.19 0.00
0.20 0.20 0.00
0.19 0.19 0.00
0.20 0.19 0.01
0.20 0.19 0.00
0.20 0.20 0.00
0.20 0.19 0.00
0.20 0.20 0.00
0.19 0.19 0.00
0.19 0.19 0.00
0.19 0.19 0.00
0.20 0.19 0.00
0.19 0.19 0.00
0.20 0.19 0.00
0.19 0.19 0.00
0.20 0.20 0.00
0.19 0.20 0.00
0.20 0.20 0.00
0.21 0.21 0.00
0.19 0.19 0.00
0.20 0.19 0.00
0.20 0.19 0.00
0.20 0.19 0.00
0.19 0.19 0.00
0.20 0.19 0.00
0.20 0.19 0.01
0.20 0.19 0.00
0.20 0.19 0.00
0.19 0.19 0.00
0.20 0.20 0.00
0.19 0.19 0.00
0.20 0.20 0.00
0.19 0.18 0.01
0.20 0.20 0.00
0.20 0.20 0.00
0.20 0.20 0.00
0.20 0.19 0.00
0.19 0.19 0.00
0.20 0.20 0.00
0.19 0.20 0.00
0.19 0.20 0.00
0.20 0.20 0.00
0.21 0.20 0.00
0.19 0.18 0.01
0.19 0.19 0.00
0.20 0.19 0.01
0.20 0.20 0.00
0.20 0.20 0.00
0.19 0.19 0.00
0.19 0.20 0.00
0.19 0.19 0.00
0.20 0.19 0.01
0.20 0.20 0.00
0.20 0.19 0.00
0.19 0.19 0.00
0.19 0.19 0.00
0.20 0.20 0.00
