0.35 0.35 0.00
0.36 0.35 0.00
0.35 0.35 0.00
0.35 0.35 0.00
0.35 0.35 0.00
0.34 0.34 0.00
0.35 0.34 0.00
0.35 0.34 0.01
0.35 0.34 0.01
0.35 0.36 0.00
0.35 0.35 0.00
0.35 0.34 0.00
0.34 0.34 0.00
0.35 0.35 0.00
0.35 0.34 0.00
0.36 0.36 0.00
0.36 0.35 0.00
0.35 0.34 0.01
0.35 0.34 0.00
0.35 0.34 0.00
0.34 0.34 0.00
0.35 0.34 0.00
0.35 0.34 0.00
0.37 0.35 0.00
0.35 0.34 0.00
0.35 0.33 0.01
0.36 0.36 0.00
0.35 0.34 0.00
0.35 0.35 0.00
0.35 0.35 0.00
0.36 0.35 0.01
0.36 0.34 0.01
0.35 0.34 0.00
0.35 0.34 0.00
0.36 0.35 0.00
0.36 0.35 0.00
0.35 0.35 0.00
0.35 0.35 0.00
0.36 0.35 0.01
0.35 0.34 0.00
0.35 0.34 0.00
0.35 0.34 0.00
0.35 0.35 0.00
0.35 0.34 0.00
0.35 0.35 0.00
0.36 0.36 0.00
0.34 0.34 0.00
0.35 0.35 0.00
0.35 0.35 0.00
0.35 0.34 0.00
0.34 0.34 0.00
0.35 0.34 0.00
0.34 0.34 0.00
0.35 0.34 0.00
0.35 0.35 0.00
0.35 0.34 0.01
0.35 0.34 0.00
0.35 0.35 0.00
0.36 0.36 0.00
0.36 0.35 0.00
0.35 0.35 0.00
0.35 0.35 0.00
0.35 0.35 0.00
0.35 0.34 0.01
0.36 0.36 0.00
0.34 0.34 0.00
0.36 0.35 0.01
0.35 0.35 0.00
0.34 0.34 0.00
0.35 0.35 0.00
0.35 0.35 0.00
0.35 0.35 0.00
0.35 0.34 0.00
0.36 0.35 0.01
0.35 0.35 0.00
0.35 0.34 0.00
0.36 0.35 0.00
0.35 0.35 0.00
0.35 0.35 0.00
0.35 0.34 0.00
0.35 0.34 0.00
0.36 0.35 0.00
0.35 0.33 0.01
0.35 0.34 0.01
0.35 0.34 0.01
0.35 0.35 0.00
0.36 0.34 0.01
0.35 0.34 0.00
0.36 0.35 0.00
0.36 0.35 0.01
0.36 0.36 0.00
0.36 0.35 0.01
0.36 0.36 0.00
0.36 0.35 0.01
0.36 0.34 0.01
0.35 0.35 0.00
0.35 0.35 0.00
0.35 0.34 0.01
0.36 0.36 0.00
0.34 0.34 0.00
