1.47 1.45 0.01
1.47 1.46 0.01
1.47 1.46 0.01
1.46 1.44 0.01
1.46 1.44 0.02
1.46 1.44 0.02
1.47 1.46 0.01
1.47 1.45 0.01
1.45 1.44 0.01
1.45 1.43 0.02
1.46 1.44 0.01
1.47 1.46 0.01
1.46 1.45 0.01
1.46 1.45 0.00
1.45 1.45 0.00
1.47 1.47 0.00
1.48 1.46 0.01
1.47 1.45 0.01
1.46 1.45 0.01
1.47 1.44 0.02
1.47 1.44 0.02
1.45 1.45 0.00
1.46 1.45 0.00
1.46 1.45 0.01
1.45 1.44 0.00
1.45 1.44 0.01
1.47 1.45 0.02
1.47 1.46 0.01
1.46 1.46 0.00
1.48 1.47 0.00
1.46 1.45 0.01
1.46 1.45 0.00
1.47 1.46 0.00
1.46 1.46 0.00
1.46 1.45 0.01
1.47 1.44 0.02
1.45 1.44 0.00
1.46 1.45 0.01
1.49 1.47 0.01
1.46 1.45 0.01
1.46 1.44 0.01
1.47 1.46 0.00
1.48 1.47 0.00
1.47 1.47 0.00
1.45 1.44 0.00
1.47 1.46 0.00
1.47 1.47 0.00
1.55 1.50 0.04
1.48 1.46 0.00
1.52 1.52 0.00
1.55 1.53 0.01
1.57 1.50 0.06
1.56 1.50 0.02
1.66 1.63 0.02
1.49 1.47 0.02
1.53 1.52 0.01
1.65 1.55 0.03
1.65 1.63 0.02
1.55 1.53 0.01
1.68 1.66 0.01
1.57 1.57 0.00
1.52 1.50 0.01
1.65 1.63 0.02
1.50 1.48 0.02
1.51 1.50 0.00
1.50 1.49 0.01
1.70 1.67 0.01
1.60 1.60 0.00
1.59 1.56 0.03
1.49 1.49 0.00
1.69 1.64 0.03
1.60 1.50 0.00
1.70 1.68 0.01
1.58 1.55 0.02
1.59 1.56 0.00
1.67 1.47 0.00
1.49 1.48 0.00
1.50 1.48 0.02
1.47 1.46 0.00
1.57 1.54 0.01
1.59 1.51 0.01
1.49 1.48 0.00
1.56 1.54 0.01
1.50 1.49 0.01
1.48 1.47 0.01
1.50 1.49 0.00
1.48 1.48 0.00
1.57 1.56 0.01
1.68 1.53 0.01
1.55 1.53 0.02
1.47 1.47 0.00
1.52 1.49 0.01
1.50 1.48 0.01
1.47 1.46 0.00
1.65 1.60 0.01
1.47 1.47 0.00
1.46 1.45 0.00
1.47 1.45 0.02
1.47 1.46 0.00
1.48 1.46 0.01
