1.20 1.20 0.00
1.20 1.20 0.00
1.20 1.20 0.00
1.22 1.21 0.00
1.21 1.21 0.00
1.20 1.19 0.00
1.21 1.20 0.00
1.19 1.18 0.00
1.20 1.19 0.00
1.21 1.20 0.01
1.20 1.19 0.00
1.20 1.20 0.00
1.20 1.18 0.01
1.20 1.20 0.00
1.21 1.20 0.00
1.20 1.19 0.00
1.20 1.19 0.00
1.21 1.19 0.01
1.20 1.20 0.00
1.21 1.20 0.00
1.20 1.18 0.01
1.21 1.20 0.00
1.20 1.18 0.01
1.20 1.20 0.00
1.20 1.19 0.00
1.20 1.19 0.01
1.20 1.19 0.01
1.20 1.19 0.01
1.20 1.20 0.00
1.21 1.21 0.00
1.20 1.19 0.01
1.20 1.19 0.01
1.20 1.19 0.01
1.22 1.21 0.00
1.25 1.25 0.00
1.20 1.20 0.00
1.20 1.20 0.00
1.20 1.20 0.00
1.20 1.20 0.00
1.20 1.20 0.00
1.21 1.20 0.00
1.21 1.19 0.01
1.20 1.20 0.00
1.21 1.20 0.00
1.20 1.20 0.00
1.20 1.20 0.00
1.21 1.20 0.01
1.21 1.20 0.00
1.21 1.20 0.00
1.21 1.20 0.00
1.20 1.19 0.01
1.20 1.19 0.00
1.21 1.20 0.01
1.20 1.20 0.00
1.20 1.20 0.00
1.21 1.19 0.01
1.20 1.20 0.00
1.21 1.20 0.00
1.20 1.20 0.00
1.21 1.21 0.00
1.21 1.19 0.02
1.20 1.19 0.00
1.20 1.19 0.01
1.20 1.20 0.00
1.21 1.19 0.01
1.20 1.19 0.01
1.20 1.19 0.00
1.20 1.20 0.00
1.20 1.18 0.02
1.20 1.20 0.00
1.20 1.20 0.00
1.20 1.20 0.00
1.21 1.20 0.00
1.21 1.20 0.01
1.19 1.19 0.00
1.20 1.20 0.00
1.21 1.20 0.00
1.20 1.20 0.00
1.19 1.19 0.00
1.21 1.20 0.00
1.20 1.20 0.00
1.20 1.18 0.01
1.21 1.20 0.00
1.20 1.19 0.01
1.22 1.21 0.00
1.20 1.20 0.00
1.20 1.20 0.00
1.20 1.20 0.00
1.20 1.20 0.00
1.20 1.20 0.00
1.21 1.20 0.00
1.21 1.19 0.01
1.20 1.20 0.00
1.20 1.20 0.00
1.21 1.20 0.01
1.21 1.21 0.00
1.22 1.20 0.01
1.20 1.20 0.00
1.20 1.20 0.00
1.20 1.19 0.00
