0.18 0.17 0.00
0.17 0.17 0.00
0.17 0.17 0.00
0.17 0.16 0.00
0.17 0.17 0.00
0.17 0.17 0.00
0.17 0.17 0.00
0.17 0.17 0.00
0.18 0.17 0.00
0.17 0.17 0.00
0.18 0.17 0.00
0.17 0.16 0.00
0.17 0.16 0.00
0.17 0.16 0.01
0.17 0.16 0.00
0.18 0.17 0.00
0.17 0.17 0.00
0.18 0.17 0.01
0.18 0.17 0.00
0.18 0.18 0.00
0.17 0.16 0.00
0.18 0.18 0.00
0.18 0.18 0.00
0.17 0.16 0.00
0.17 0.17 0.00
0.17 0.18 0.00
0.17 0.16 0.00
0.18 0.18 0.00
0.17 0.16 0.00
0.18 0.16 0.01
0.19 0.19 0.00
0.18 0.18 0.00
0.17 0.16 0.00
0.19 0.17 0.00
0.17 0.17 0.00
0.17 0.17 0.00
0.18 0.17 0.00
0.17 0.17 0.00
0.17 0.16 0.00
0.18 0.18 0.00
0.17 0.17 0.00
0.18 0.16 0.02
0.17 0.17 0.00
0.17 0.16 0.00
0.17 0.17 0.00
0.18 0.18 0.00
0.17 0.16 0.01
0.17 0.17 0.00
0.19 0.18 0.00
0.17 0.17 0.00
0.17 0.17 0.00
0.18 0.18 0.00
0.17 0.16 0.00
0.17 0.17 0.00
0.17 0.17 0.00
0.18 0.18 0.00
0.17 0.17 0.00
0.18 0.17 0.00
0.17 0.18 0.00
0.17 0.17 0.00
0.18 0.17 0.00
0.17 0.16 0.00
0.18 0.18 0.00
0.17 0.17 0.00
0.18 0.17 0.00
0.18 0.17 0.00
0.18 0.18 0.00
0.17 0.17 0.00
0.18 0.18 0.00
0.18 0.18 0.00
0.17 0.16 0.00
0.18 0.17 0.00
0.17 0.16 0.00
0.18 0.18 0.00
0.17 0.17 0.00
0.17 0.17 0.00
0.17 0.17 0.00
0.17 0.17 0.00
0.17 0.16 0.00
0.17 0.17 0.00
0.18 0.17 0.00
0.17 0.17 0.00
0.17 0.16 0.00
0.17 0.17 0.00
0.17 0.16 0.00
0.17 0.16 0.00
0.18 0.17 0.00
0.18 0.18 0.00
0.18 0.18 0.00
0.17 0.18 0.00
0.17 0.17 0.00
0.18 0.18 0.00
0.17 0.17 0.00
0.17 0.18 0.00
0.18 0.17 0.00
0.17 0.17 0.00
0.18 0.18 0.00
0.17 0.16 0.01
0.17 0.17 0.00
0.18 0.17 0.00
