2.43 2.40 0.01
2.41 2.40 0.01
2.41 2.40 0.00
2.42 2.41 0.01
2.42 2.40 0.02
2.43 2.41 0.01
2.43 2.42 0.00
2.41 2.40 0.01
2.40 2.38 0.02
2.46 2.44 0.01
2.42 2.41 0.00
2.42 2.42 0.00
2.43 2.41 0.01
2.42 2.40 0.02
2.41 2.40 0.01
2.42 2.40 0.01
2.42 2.42 0.00
2.41 2.40 0.01
2.44 2.43 0.00
2.41 2.40 0.00
2.42 2.41 0.00
2.43 2.42 0.00
2.42 2.41 0.00
2.42 2.41 0.00
2.41 2.40 0.01
2.43 2.41 0.01
2.44 2.44 0.00
2.44 2.42 0.01
2.42 2.40 0.01
2.45 2.44 0.00
2.42 2.42 0.00
2.43 2.40 0.02
2.43 2.42 0.00
2.41 2.41 0.00
2.43 2.41 0.01
2.43 2.43 0.00
2.42 2.40 0.02
2.42 2.42 0.00
2.43 2.42 0.00
2.43 2.41 0.01
2.42 2.41 0.00
2.43 2.41 0.02
2.98 2.74 0.02
2.41 2.40 0.00
2.43 2.40 0.02
2.42 2.40 0.01
2.42 2.41 0.00
2.43 2.41 0.01
2.47 2.42 0.00
2.69 2.61 0.02
2.64 2.61 0.02
2.43 2.40 0.02
2.71 2.68 0.00
2.88 2.70 0.06
2.54 2.50 0.03
2.61 2.61 0.00
2.94 2.69 0.05
2.67 2.65 0.01
2.61 2.58 0.02
2.68 2.65 0.02
2.64 2.59 0.01
2.52 2.50 0.01
2.76 2.74 0.01
2.74 2.72 0.01
2.66 2.61 0.03
2.45 2.44 0.00
2.74 2.69 0.01
2.72 2.70 0.01
2.83 2.80 0.02
2.45 2.42 0.03
2.82 2.69 0.04
2.67 2.63 0.02
2.70 2.70 0.00
2.56 2.54 0.01
2.95 2.88 0.02
2.49 2.47 0.01
2.53 2.49 0.01
2.45 2.43 0.02
2.50 2.48 0.01
2.78 2.66 0.04
2.54 2.53 0.00
2.84 2.48 0.03
2.55 2.51 0.01
2.47 2.45 0.01
2.54 2.52 0.02
2.54 2.49 0.04
2.47 2.46 0.01
2.64 2.59 0.00
2.68 2.62 0.03
2.57 2.56 0.00
2.48 2.47 0.00
2.74 2.65 0.02
2.58 2.55 0.01
2.73 2.66 0.03
2.85 2.83 0.02
2.47 2.46 0.01
2.44 2.43 0.01
2.45 2.44 0.01
2.42 2.40 0.01
2.46 2.46 0.00
