2.30 2.29 0.01
2.31 2.30 0.01
2.30 2.28 0.01
2.30 2.29 0.01
2.30 2.29 0.01
2.31 2.29 0.01
2.29 2.28 0.01
2.29 2.26 0.02
2.30 2.29 0.01
2.31 2.29 0.02
2.30 2.28 0.02
2.29 2.28 0.01
2.29 2.28 0.01
2.30 2.30 0.00
2.30 2.28 0.02
2.30 2.28 0.02
2.30 2.28 0.01
2.31 2.30 0.01
2.30 2.28 0.01
2.29 2.28 0.01
2.31 2.30 0.01
2.29 2.27 0.02
2.34 2.32 0.01
2.31 2.28 0.02
2.30 2.28 0.01
2.30 2.28 0.02
2.31 2.30 0.00
2.30 2.28 0.02
2.76 2.74 0.01
2.29 2.28 0.00
2.36 2.36 0.00
2.30 2.28 0.02
2.29 2.28 0.00
2.31 2.29 0.02
2.29 2.28 0.00
2.30 2.30 0.00
2.30 2.27 0.02
2.29 2.28 0.01
2.30 2.28 0.02
2.32 2.30 0.02
2.29 2.28 0.00
2.58 2.40 0.02
2.30 2.29 0.01
2.32 2.32 0.00
2.30 2.29 0.01
2.30 2.28 0.02
2.31 2.30 0.01
2.93 2.30 0.02
2.31 2.30 0.00
2.51 2.41 0.03
2.39 2.38 0.01
2.38 2.36 0.01
2.59 2.34 0.05
2.51 2.45 0.01
2.50 2.46 0.01
2.50 2.48 0.01
2.53 2.50 0.02
2.41 2.39 0.01
2.41 2.39 0.01
2.44 2.42 0.01
2.37 2.35 0.01
2.64 2.58 0.02
2.65 2.64 0.00
2.42 2.38 0.02
2.39 2.35 0.03
2.40 2.35 0.03
2.51 2.41 0.04
2.58 2.55 0.02
2.52 2.49 0.01
2.60 2.54 0.02
2.30 2.30 0.00
2.36 2.35 0.00
2.48 2.44 0.02
3.04 3.02 0.00
2.39 2.36 0.02
2.90 2.69 0.02
2.37 2.34 0.01
2.35 2.32 0.02
2.36 2.34 0.01
2.46 2.44 0.00
2.42 2.40 0.02
2.32 2.30 0.01
2.44 2.41 0.01
2.39 2.36 0.02
2.35 2.35 0.00
2.37 2.35 0.01
2.35 2.33 0.02
2.58 2.55 0.01
2.48 2.40 0.03
2.32 2.31 0.01
2.61 2.58 0.02
2.40 2.30 0.09
2.57 2.54 0.01
2.49 2.47 0.01
2.38 2.34 0.02
2.31 2.30 0.00
2.31 2.30 0.00
2.32 2.31 0.01
2.29 2.27 0.02
2.48 2.47 0.00
