0.62 0.61 0.00
0.61 0.58 0.03
0.62 0.61 0.01
0.61 0.61 0.00
0.62 0.61 0.00
0.62 0.62 0.00
0.61 0.62 0.00
0.61 0.61 0.00
0.61 0.61 0.00
0.61 0.61 0.00
0.61 0.60 0.00
0.61 0.61 0.00
0.61 0.61 0.00
0.62 0.61 0.00
0.61 0.60 0.01
0.62 0.61 0.00
0.62 0.60 0.01
0.62 0.62 0.00
0.61 0.61 0.00
0.61 0.61 0.00
0.61 0.59 0.02
0.61 0.60 0.01
0.62 0.61 0.01
0.62 0.61 0.00
0.61 0.61 0.00
0.61 0.61 0.00
0.62 0.62 0.00
0.61 0.61 0.00
0.62 0.61 0.00
0.61 0.59 0.01
0.61 0.61 0.00
0.62 0.62 0.00
0.62 0.61 0.00
0.61 0.62 0.00
0.61 0.61 0.00
0.62 0.62 0.00
0.61 0.60 0.00
0.61 0.60 0.01
0.63 0.62 0.00
0.60 0.60 0.00
0.61 0.60 0.00
0.61 0.61 0.00
0.61 0.60 0.00
0.62 0.62 0.00
0.61 0.60 0.00
0.62 0.62 0.00
0.61 0.61 0.00
0.61 0.60 0.00
0.61 0.60 0.01
0.61 0.60 0.00
0.61 0.60 0.00
0.61 0.61 0.00
0.62 0.62 0.00
0.61 0.61 0.00
0.61 0.60 0.01
0.63 0.62 0.00
0.63 0.62 0.00
0.62 0.61 0.00
0.62 0.60 0.02
0.62 0.61 0.00
0.62 0.62 0.00
0.61 0.61 0.00
0.61 0.61 0.00
0.62 0.62 0.00
0.62 0.62 0.00
0.61 0.60 0.00
0.62 0.62 0.00
0.62 0.61 0.00
0.61 0.61 0.00
0.62 0.61 0.00
0.62 0.61 0.00
0.62 0.61 0.00
0.62 0.61 0.01
0.62 0.61 0.00
0.61 0.61 0.00
0.62 0.62 0.00
0.61 0.60 0.01
0.62 0.61 0.01
0.62 0.62 0.00
0.61 0.61 0.00
0.61 0.59 0.02
0.62 0.61 0.00
0.61 0.61 0.00
0.62 0.62 0.00
0.60 0.60 0.00
0.62 0.61 0.00
0.61 0.60 0.00
0.62 0.62 0.00
0.62 0.62 0.00
0.62 0.61 0.01
0.61 0.61 0.00
0.61 0.61 0.00
0.62 0.60 0.01
0.62 0.62 0.00
0.62 0.61 0.00
0.61 0.61 0.00
0.62 0.62 0.00
0.63 0.63 0.00
0.62 0.61 0.00
0.63 0.62 0.01
