2.42 2.39 0.02
2.42 2.40 0.02
2.44 2.41 0.02
2.43 2.42 0.00
2.43 2.42 0.01
2.42 2.40 0.01
2.42 2.40 0.01
2.41 2.40 0.01
2.42 2.40 0.01
2.43 2.41 0.01
2.41 2.38 0.02
2.43 2.42 0.00
2.42 2.40 0.01
2.41 2.40 0.00
2.42 2.40 0.01
2.43 2.42 0.01
2.43 2.42 0.00
2.43 2.42 0.00
2.43 2.41 0.01
2.42 2.41 0.01
2.42 2.41 0.01
2.41 2.41 0.00
2.42 2.40 0.01
2.42 2.41 0.00
2.44 2.43 0.00
2.42 2.41 0.00
2.43 2.41 0.02
2.39 2.38 0.00
2.41 2.40 0.01
2.41 2.40 0.01
2.41 2.40 0.00
2.43 2.41 0.01
2.42 2.41 0.00
2.43 2.42 0.00
2.42 2.41 0.01
2.42 2.41 0.01
2.43 2.41 0.01
2.44 2.43 0.00
2.43 2.41 0.01
2.41 2.39 0.01
2.41 2.39 0.02
2.42 2.41 0.01
2.41 2.40 0.01
2.42 2.41 0.01
2.43 2.42 0.01
2.41 2.37 0.04
2.42 2.42 0.00
2.40 2.38 0.01
2.43 2.42 0.01
2.42 2.40 0.01
2.42 2.40 0.01
2.41 2.40 0.01
2.42 2.41 0.01
2.42 2.41 0.01
2.42 2.41 0.01
2.42 2.41 0.00
2.42 2.39 0.03
2.43 2.43 0.00
2.44 2.43 0.00
2.42 2.40 0.02
2.43 2.42 0.00
2.41 2.41 0.00
2.43 2.42 0.00
2.42 2.42 0.00
2.41 2.40 0.00
2.44 2.43 0.00
2.43 2.42 0.00
2.42 2.42 0.00
2.44 2.42 0.01
2.42 2.41 0.01
2.41 2.40 0.00
2.42 2.42 0.00
2.43 2.43 0.00
2.42 2.42 0.00
2.42 2.41 0.00
2.43 2.42 0.01
2.42 2.40 0.01
2.41 2.40 0.01
2.42 2.40 0.01
2.42 2.42 0.00
2.43 2.42 0.00
2.41 2.40 0.01
2.41 2.40 0.01
2.42 2.40 0.01
2.43 2.41 0.02
2.44 2.42 0.01
2.43 2.41 0.01
2.43 2.42 0.01
2.44 2.42 0.01
2.42 2.41 0.00
2.41 2.39 0.01
2.41 2.40 0.01
2.42 2.40 0.01
2.44 2.42 0.01
2.42 2.40 0.02
2.41 2.40 0.00
2.41 2.39 0.01
2.41 2.40 0.00
2.43 2.42 0.01
2.43 2.42 0.00
