1.58 1.56 0.02
1.57 1.55 0.02
1.57 1.56 0.00
1.58 1.56 0.01
1.57 1.56 0.00
1.58 1.56 0.01
1.57 1.57 0.00
1.64 1.63 0.01
1.57 1.56 0.00
1.62 1.60 0.01
1.58 1.58 0.00
1.58 1.56 0.01
1.58 1.57 0.00
1.57 1.56 0.00
1.58 1.56 0.02
1.59 1.56 0.02
1.57 1.56 0.00
1.58 1.58 0.00
1.57 1.56 0.01
1.60 1.59 0.00
1.56 1.54 0.02
1.58 1.58 0.00
1.57 1.57 0.00
1.57 1.55 0.01
1.58 1.58 0.00
1.58 1.57 0.01
1.57 1.56 0.01
1.59 1.58 0.01
1.57 1.56 0.00
1.58 1.56 0.01
1.56 1.55 0.01
1.57 1.56 0.01
1.57 1.55 0.01
1.59 1.58 0.00
1.57 1.56 0.00
1.58 1.56 0.02
1.58 1.57 0.00
1.58 1.56 0.01
1.57 1.56 0.00
1.59 1.56 0.02
1.58 1.57 0.00
1.59 1.58 0.01
1.59 1.58 0.00
1.59 1.57 0.01
1.58 1.56 0.02
1.58 1.58 0.00
1.58 1.56 0.02
1.57 1.58 0.00
1.58 1.56 0.01
1.58 1.57 0.00
1.59 1.57 0.02
1.61 1.60 0.00
1.57 1.57 0.00
1.57 1.56 0.00
1.58 1.56 0.01
1.57 1.56 0.01
1.57 1.56 0.01
1.57 1.56 0.00
1.58 1.58 0.00
1.59 1.58 0.00
1.58 1.56 0.01
1.57 1.56 0.00
1.87 1.86 0.01
1.57 1.57 0.00
1.57 1.56 0.00
1.57 1.56 0.01
1.58 1.57 0.00
1.58 1.56 0.02
1.57 1.56 0.00
1.61 1.60 0.01
1.57 1.57 0.00
1.62 1.60 0.02
1.58 1.57 0.00
1.57 1.56 0.01
1.58 1.56 0.02
1.58 1.56 0.02
1.57 1.56 0.00
1.58 1.57 0.01
1.58 1.57 0.01
1.57 1.56 0.01
1.57 1.56 0.01
1.59 1.58 0.00
1.57 1.56 0.00
1.58 1.57 0.00
1.58 1.57 0.00
1.58 1.57 0.01
1.57 1.55 0.02
1.57 1.57 0.00
1.57 1.56 0.00
1.57 1.55 0.02
1.60 1.59 0.01
1.57 1.54 0.02
1.58 1.57 0.01
1.59 1.58 0.00
1.57 1.56 0.00
1.56 1.56 0.00
1.58 1.57 0.01
1.57 1.56 0.00
1.57 1.57 0.00
1.58 1.58 0.00
