3.34 3.31 0.02
3.33 3.31 0.02
3.32 3.32 0.00
3.33 3.32 0.01
3.35 3.34 0.00
3.33 3.32 0.00
3.35 3.34 0.00
3.36 3.35 0.00
3.33 3.31 0.02
3.34 3.32 0.02
3.37 3.34 0.02
3.34 3.34 0.00
3.34 3.33 0.01
3.33 3.31 0.02
3.33 3.31 0.01
3.33 3.32 0.00
3.34 3.33 0.00
3.33 3.32 0.01
3.34 3.32 0.01
3.34 3.32 0.02
3.32 3.32 0.00
3.37 3.36 0.01
3.36 3.34 0.02
3.35 3.31 0.01
3.34 3.33 0.00
3.32 3.31 0.01
3.33 3.33 0.00
3.33 3.31 0.01
3.35 3.33 0.01
3.35 3.32 0.02
3.35 3.34 0.01
3.36 3.35 0.00
3.33 3.32 0.00
3.33 3.31 0.01
3.34 3.32 0.01
3.35 3.33 0.01
3.38 3.34 0.04
3.36 3.35 0.00
3.32 3.31 0.01
3.35 3.34 0.00
3.33 3.32 0.00
3.34 3.32 0.02
3.33 3.31 0.01
3.33 3.32 0.00
3.35 3.33 0.01
3.35 3.32 0.02
3.34 3.33 0.00
3.33 3.32 0.00
3.38 3.37 0.00
3.33 3.31 0.02
3.33 3.30 0.02
3.35 3.34 0.00
3.33 3.31 0.01
3.35 3.34 0.00
3.32 3.31 0.00
3.34 3.32 0.01
3.33 3.31 0.01
3.33 3.31 0.02
3.37 3.36 0.00
3.33 3.32 0.01
3.34 3.33 0.01
3.33 3.32 0.00
3.38 3.35 0.02
3.34 3.34 0.00
3.34 3.32 0.01
3.33 3.31 0.01
3.37 3.36 0.01
3.35 3.33 0.02
3.35 3.34 0.00
3.34 3.34 0.00
3.38 3.37 0.00
3.34 3.33 0.00
3.36 3.36 0.00
3.34 3.32 0.02
3.34 3.31 0.02
3.34 3.32 0.01
3.33 3.31 0.02
3.34 3.33 0.00
3.34 3.32 0.01
3.35 3.34 0.00
3.34 3.31 0.02
3.34 3.33 0.00
3.33 3.32 0.00
3.36 3.33 0.02
3.34 3.32 0.02
3.35 3.33 0.02
3.33 3.32 0.00
3.35 3.34 0.00
3.33 3.32 0.00
3.35 3.33 0.02
3.33 3.33 0.00
3.34 3.32 0.01
3.34 3.33 0.00
3.33 3.32 0.02
3.36 3.34 0.01
3.34 3.32 0.02
3.34 3.32 0.01
3.33 3.31 0.02
3.34 3.32 0.02
3.35 3.34 0.00
