2.18 2.18 0.00
2.17 2.17 0.00
2.18 2.16 0.01
2.18 2.16 0.01
2.19 2.17 0.02
2.17 2.15 0.02
2.18 2.18 0.00
2.17 2.17 0.00
2.17 2.17 0.00
2.40 2.16 0.01
2.17 2.16 0.01
2.19 2.18 0.00
2.19 2.18 0.00
2.19 2.18 0.00
2.18 2.18 0.00
2.17 2.17 0.00
2.18 2.17 0.00
2.17 2.16 0.01
2.17 2.17 0.00
2.17 2.15 0.02
2.18 2.17 0.01
2.17 2.17 0.00
2.20 2.19 0.00
2.18 2.16 0.02
2.18 2.17 0.00
2.18 2.16 0.01
2.19 2.18 0.02
2.18 2.17 0.01
2.17 2.16 0.01
2.18 2.18 0.00
2.23 2.22 0.00
2.18 2.18 0.00
2.19 2.18 0.01
2.19 2.17 0.01
2.17 2.15 0.02
2.18 2.18 0.00
2.18 2.17 0.01
2.18 2.17 0.01
2.19 2.19 0.00
2.18 2.17 0.01
2.18 2.16 0.02
2.18 2.18 0.00
2.20 2.19 0.00
2.18 2.18 0.00
2.17 2.17 0.00
2.18 2.17 0.01
2.18 2.17 0.01
2.23 2.22 0.01
2.18 2.17 0.00
2.17 2.16 0.02
2.18 2.16 0.01
2.19 2.17 0.01
2.18 2.17 0.01
2.18 2.17 0.00
2.19 2.18 0.01
2.17 2.16 0.00
2.17 2.16 0.01
2.19 2.19 0.00
2.19 2.18 0.00
2.17 2.16 0.00
2.18 2.18 0.00
2.17 2.16 0.00
2.17 2.17 0.00
2.18 2.16 0.01
2.19 2.18 0.01
2.19 2.18 0.00
2.18 2.16 0.01
2.19 2.17 0.01
2.19 2.18 0.00
2.18 2.18 0.00
2.17 2.17 0.00
2.22 2.20 0.02
2.18 2.16 0.01
2.18 2.17 0.01
2.18 2.17 0.00
2.18 2.18 0.00
2.19 2.19 0.00
2.17 2.16 0.02
2.18 2.17 0.00
2.19 2.18 0.00
2.21 2.20 0.01
2.18 2.16 0.01
2.18 2.18 0.00
2.20 2.15 0.02
2.18 2.17 0.01
2.17 2.17 0.00
2.19 2.19 0.00
2.19 2.18 0.00
2.20 2.19 0.00
2.18 2.18 0.00
2.18 2.17 0.00
2.17 2.16 0.01
2.18 2.16 0.02
2.18 2.16 0.01
2.18 2.17 0.00
2.19 2.17 0.01
2.18 2.16 0.01
2.19 2.17 0.02
2.18 2.16 0.02
2.18 2.17 0.01
