3.06 3.04 0.01
3.03 3.03 0.00
3.04 3.03 0.01
3.04 3.04 0.00
3.06 3.04 0.02
3.03 3.02 0.01
3.05 3.04 0.00
3.05 3.04 0.00
3.06 3.04 0.01
3.04 3.02 0.01
3.04 3.03 0.00
3.05 3.04 0.00
3.04 3.03 0.00
3.05 3.03 0.02
3.03 3.02 0.01
3.04 3.02 0.01
3.05 3.05 0.00
3.04 3.04 0.00
3.04 3.03 0.01
3.05 3.02 0.02
3.03 3.02 0.01
3.04 3.02 0.02
3.04 3.04 0.00
3.04 3.02 0.01
3.04 3.02 0.02
3.04 3.02 0.01
3.06 3.04 0.01
3.06 3.05 0.00
3.04 3.02 0.02
3.06 3.04 0.01
3.04 3.04 0.00
3.06 3.04 0.02
3.04 3.03 0.01
3.05 3.05 0.00
3.05 3.02 0.02
3.05 3.02 0.02
3.05 3.04 0.00
3.06 3.04 0.01
3.06 3.02 0.03
3.05 3.05 0.00
3.05 3.04 0.01
3.19 3.15 0.02
3.05 3.05 0.00
3.04 3.03 0.01
3.04 3.03 0.01
3.06 3.04 0.01
3.04 3.02 0.01
3.24 3.20 0.02
3.05 3.03 0.01
3.34 3.27 0.02
3.19 3.16 0.01
3.29 3.26 0.02
3.74 3.39 0.10
3.12 3.10 0.02
3.41 3.37 0.01
3.11 3.10 0.01
3.61 3.56 0.02
3.28 3.27 0.00
3.22 3.20 0.02
3.20 3.16 0.02
3.13 3.12 0.01
3.33 3.22 0.04
3.54 3.40 0.01
3.15 3.12 0.03
3.20 3.17 0.01
3.36 3.30 0.01
3.50 3.45 0.02
3.42 3.35 0.04
3.27 3.22 0.03
3.16 3.14 0.01
3.29 3.25 0.01
3.44 3.32 0.02
3.24 3.20 0.02
3.12 3.11 0.01
3.10 3.08 0.02
4.05 3.42 0.02
3.19 3.17 0.00
3.14 3.12 0.01
3.18 3.16 0.01
3.21 3.17 0.00
3.13 3.13 0.00
3.17 3.15 0.02
3.19 3.16 0.01
3.16 3.13 0.01
3.18 3.16 0.01
3.17 3.14 0.01
3.18 3.16 0.01
3.34 3.23 0.05
3.55 3.46 0.03
3.15 3.12 0.02
3.38 3.36 0.01
3.13 3.12 0.00
3.43 3.39 0.01
3.61 3.58 0.01
3.22 3.20 0.01
3.09 3.09 0.00
3.07 3.06 0.01
3.10 3.10 0.00
3.07 3.06 0.01
3.26 3.24 0.02
