2.05 2.04 0.00
2.05 2.04 0.01
2.05 2.04 0.00
2.05 2.04 0.01
2.06 2.05 0.01
2.07 2.06 0.00
2.05 2.03 0.02
2.06 2.04 0.01
2.05 2.04 0.01
2.05 2.04 0.01
2.05 2.02 0.02
2.05 2.04 0.01
2.05 2.03 0.02
2.05 2.01 0.03
2.05 2.02 0.02
2.06 2.05 0.01
2.06 2.04 0.02
2.12 2.10 0.02
2.06 2.05 0.00
2.05 2.04 0.01
2.07 2.06 0.00
2.05 2.04 0.01
2.06 2.05 0.01
2.06 2.03 0.02
2.05 2.04 0.00
2.05 2.04 0.01
2.05 2.03 0.01
2.05 2.04 0.00
2.05 2.02 0.03
2.06 2.06 0.00
2.05 2.04 0.01
2.05 2.03 0.02
2.06 2.04 0.01
2.05 2.02 0.02
2.05 2.04 0.01
2.07 2.05 0.02
2.06 2.04 0.01
2.05 2.03 0.01
2.06 2.04 0.01
2.04 2.04 0.00
2.05 2.04 0.01
2.05 2.04 0.00
2.05 2.02 0.02
2.07 2.06 0.01
2.06 2.05 0.01
2.06 2.05 0.00
2.05 2.03 0.01
2.05 2.04 0.01
2.06 2.04 0.02
2.05 2.04 0.01
2.06 2.05 0.00
2.06 2.05 0.01
2.05 2.04 0.01
2.05 2.04 0.00
2.05 2.04 0.01
2.05 2.04 0.00
2.05 2.04 0.00
2.06 2.05 0.00
2.05 2.03 0.02
2.06 2.05 0.00
2.06 2.05 0.00
2.05 2.04 0.01
2.10 2.08 0.02
2.05 2.04 0.00
2.06 2.05 0.00
2.06 2.04 0.02
2.05 2.04 0.00
2.05 2.04 0.00
2.06 2.05 0.00
2.06 2.04 0.01
2.05 2.05 0.00
2.06 2.04 0.01
2.06 2.05 0.00
2.07 2.05 0.01
2.05 2.03 0.01
2.05 2.03 0.01
2.05 2.04 0.00
2.06 2.05 0.01
2.05 2.04 0.01
2.06 2.05 0.01
2.06 2.04 0.01
2.05 2.02 0.02
2.06 2.06 0.00
2.07 2.05 0.01
2.06 2.04 0.01
2.06 2.04 0.01
2.05 2.05 0.00
2.05 2.03 0.02
2.06 2.05 0.01
2.06 2.05 0.00
2.05 2.04 0.01
2.05 2.03 0.01
2.05 2.03 0.01
2.07 2.05 0.01
2.05 2.04 0.01
2.06 2.05 0.00
2.05 2.03 0.02
2.05 2.04 0.01
2.05 2.03 0.01
2.05 2.03 0.01
