0.66 0.66 0.00
0.65 0.65 0.00
0.66 0.66 0.00
0.66 0.66 0.00
0.65 0.65 0.00
0.65 0.64 0.00
0.65 0.64 0.00
0.65 0.66 0.00
0.67 0.66 0.00
0.65 0.64 0.00
0.65 0.64 0.00
0.65 0.65 0.00
0.65 0.65 0.00
0.65 0.64 0.00
0.65 0.64 0.00
0.66 0.66 0.00
0.65 0.64 0.00
0.66 0.64 0.01
0.66 0.65 0.00
0.65 0.65 0.00
0.66 0.66 0.00
0.66 0.66 0.00
0.65 0.65 0.00
0.65 0.64 0.00
0.66 0.65 0.01
0.66 0.65 0.00
0.65 0.65 0.00
0.65 0.64 0.00
0.65 0.64 0.02
0.65 0.64 0.00
0.66 0.66 0.00
0.65 0.64 0.00
0.66 0.65 0.00
0.65 0.65 0.00
0.65 0.65 0.00
0.65 0.66 0.00
0.65 0.65 0.00
0.65 0.65 0.00
0.65 0.65 0.00
0.65 0.65 0.00
0.65 0.64 0.00
0.65 0.65 0.00
0.65 0.64 0.01
0.65 0.64 0.00
0.65 0.65 0.00
0.65 0.64 0.00
0.65 0.64 0.01
0.66 0.66 0.00
0.66 0.66 0.00
0.66 0.65 0.01
0.65 0.65 0.00
0.65 0.65 0.00
0.66 0.66 0.00
0.66 0.66 0.00
0.66 0.66 0.00
0.65 0.64 0.00
0.65 0.65 0.00
0.65 0.65 0.00
0.65 0.64 0.00
0.66 0.65 0.00
0.65 0.64 0.00
0.68 0.68 0.00
0.65 0.64 0.00
0.65 0.65 0.00
0.65 0.65 0.00
0.65 0.65 0.00
0.65 0.64 0.01
0.65 0.65 0.00
0.66 0.66 0.00
0.65 0.64 0.00
0.65 0.64 0.01
0.65 0.65 0.00
0.65 0.65 0.00
0.65 0.65 0.00
0.65 0.64 0.00
0.65 0.64 0.00
0.65 0.64 0.00
0.65 0.65 0.00
0.66 0.64 0.02
0.65 0.65 0.00
0.66 0.64 0.01
1.19 0.65 0.00
0.66 0.65 0.00
0.66 0.65 0.00
0.65 0.64 0.00
0.65 0.64 0.01
0.66 0.65 0.00
0.65 0.64 0.00
0.66 0.66 0.00
0.66 0.65 0.01
0.65 0.65 0.00
0.65 0.65 0.00
0.66 0.66 0.00
0.65 0.63 0.01
0.65 0.64 0.00
0.65 0.65 0.00
0.66 0.65 0.00
0.65 0.65 0.00
0.65 0.65 0.00
0.65 0.65 0.00
