10 3
0 0 1.000000
0 1 -3.687450
0 2 13.597290
1 0 1.000000
1 1 -3.055522
1 2 9.336214
2 0 1.000000
2 1 -4.296573
2 2 18.460544
3 0 1.000000
3 1 -4.012629
3 2 16.101193
4 0 1.000000
4 1 -8.570068
4 2 73.446057
5 0 0.000000
5 1 0.000000
5 2 0.000000
6 0 0.000000
6 1 0.000000
6 2 0.000000
7 0 0.000000
7 1 0.000000
7 2 0.000000
8 0 0.000000
8 1 0.000000
8 2 0.000000
9 0 0.000000
9 1 0.000000
9 2 0.000000
0 161.237605
1 117.442989
2 210.343368
3 186.610847
4 745.083051
5 351.629195
6 33.188431
7 7.290832
8 31.980381
9 15.486638
