9.116474 6744.737793
1.975514 108.312332
3.352228 410.398438
7.682296 4120.923340
2.777747 250.907562
5.539700 1627.947510
4.773971 1074.427490
6.288709 2328.662842
3.647845 514.564636
5.134009 1315.527832
9.522297 7649.964844
9.161951 6842.413574
6.357117 2401.217529
7.172969 3386.329346
1.416026 52.358799
6.069689 2106.267090
0.163006 9.287403
2.428868 178.586411
1.372316 49.196777
8.041768 4698.925293
1.566791 64.514503
4.009444 664.732178
1.297904 44.169373
1.088088 32.250214
9.989245 8787.879883
2.182569 137.326355
5.129324 1312.177612
8.391122 5310.280273
6.126398 2162.419922
2.960316 295.839996
6.375523 2420.993408
5.242872 1395.002930
4.935830 1178.763794
9.727750 8137.673828
2.925168 286.790619
7.713577 4169.219238
5.267450 1413.381226
7.699138 4146.879883
4.002286 661.503723
8.915295 6323.812500
