-0.335223 1.282406
-0.277775 1.197948
-0.477397 1.533563
-0.364784 1.302913
-0.952230 2.457749
-0.635712 1.801390
-0.141603 0.952915
0.016301 0.836204
-0.137232 0.917021
0.156679 0.667013
0.129790 0.805507
0.998925 1.040167
-0.512932 1.525305
0.612640 0.743662
-0.637552 1.683955
-0.493583 1.430633
-0.292517 1.128437
-0.526745 1.494406
-0.400229 1.292810
0.283315 0.703685
-0.807725 1.902548
-0.069755 0.840207
0.525995 0.636992
-0.192214 1.033968
0.890233 0.910567
0.064171 0.799238
0.457702 0.641702
-0.238280 1.016710
-0.902208 2.300656
-0.266666 1.225225
-0.375207 1.374698
-0.512535 1.628814
0.531606 0.740853
-0.437638 1.356941
-0.930810 2.499059
-0.284293 1.155039
0.639979 0.647362
0.687861 0.706556
-0.440105 1.440296
0.829201 0.873872
-0.228968 1.010634
-0.350360 1.189141
-0.956468 2.283389
-0.657304 1.618021
-0.439560 1.355730
-0.398437 1.188864
-0.684219 1.645358
0.482491 0.608508
-0.950252 2.190041
-0.147660 1.040765
