0.46 0.46 0.00
0.46 0.46 0.00
0.47 0.46 0.00
0.46 0.44 0.01
0.45 0.46 0.00
0.46 0.46 0.00
0.46 0.45 0.00
0.46 0.46 0.00
0.46 0.46 0.00
0.46 0.46 0.00
0.46 0.45 0.01
0.47 0.46 0.00
0.46 0.46 0.00
0.47 0.45 0.00
0.46 0.45 0.00
0.46 0.45 0.00
0.46 0.45 0.00
0.46 0.46 0.00
0.46 0.45 0.00
0.46 0.45 0.00
0.46 0.45 0.00
0.46 0.45 0.00
0.45 0.45 0.00
0.46 0.45 0.00
0.46 0.45 0.00
0.46 0.45 0.01
0.46 0.46 0.00
0.46 0.46 0.00
0.47 0.46 0.00
0.46 0.45 0.00
0.45 0.45 0.00
0.47 0.45 0.01
0.46 0.44 0.01
0.46 0.46 0.00
0.46 0.46 0.00
0.46 0.45 0.00
0.47 0.47 0.00
0.46 0.46 0.00
0.47 0.46 0.00
0.46 0.46 0.00
0.46 0.46 0.00
0.46 0.46 0.00
0.45 0.45 0.00
0.45 0.44 0.02
0.46 0.45 0.00
0.46 0.45 0.00
0.46 0.46 0.00
0.46 0.46 0.00
0.47 0.46 0.00
0.46 0.46 0.00
0.46 0.46 0.00
0.46 0.45 0.01
0.46 0.46 0.00
0.46 0.46 0.00
0.45 0.44 0.01
0.46 0.46 0.00
0.45 0.45 0.00
0.46 0.45 0.00
0.47 0.46 0.00
0.46 0.44 0.01
0.46 0.46 0.00
0.46 0.45 0.00
0.46 0.46 0.00
0.47 0.47 0.00
0.46 0.46 0.00
0.46 0.46 0.00
0.46 0.46 0.00
0.46 0.45 0.00
0.45 0.44 0.01
0.45 0.45 0.00
0.45 0.45 0.00
0.46 0.46 0.00
0.47 0.47 0.00
0.46 0.46 0.00
0.47 0.46 0.00
0.47 0.46 0.01
0.46 0.45 0.00
0.46 0.45 0.00
0.46 0.46 0.00
0.47 0.47 0.00
0.46 0.46 0.00
0.48 0.47 0.00
0.46 0.45 0.00
0.46 0.46 0.00
0.45 0.46 0.00
0.47 0.47 0.00
0.47 0.46 0.00
0.46 0.46 0.00
0.50 0.49 0.00
0.46 0.46 0.00
0.46 0.46 0.00
0.47 0.47 0.00
0.45 0.44 0.01
0.46 0.45 0.01
0.46 0.45 0.00
0.46 0.46 0.00
0.46 0.46 0.00
0.46 0.45 0.00
0.46 0.46 0.00
0.47 0.46 0.01
