0.90 0.89 0.01
0.90 0.89 0.00
0.89 0.88 0.01
0.90 0.90 0.00
0.91 0.89 0.01
0.90 0.90 0.00
0.91 0.89 0.01
0.89 0.86 0.02
0.89 0.89 0.00
0.91 0.90 0.00
0.91 0.90 0.01
0.89 0.88 0.01
0.90 0.90 0.00
0.90 0.89 0.01
0.90 0.89 0.00
0.90 0.89 0.01
0.90 0.89 0.01
0.90 0.89 0.00
0.89 0.89 0.00
0.90 0.90 0.00
0.91 0.89 0.01
0.90 0.89 0.00
0.89 0.89 0.00
0.90 0.89 0.00
0.89 0.89 0.00
0.89 0.88 0.00
0.89 0.88 0.01
0.90 0.90 0.00
0.90 0.89 0.00
0.91 0.89 0.01
0.91 0.90 0.01
0.90 0.88 0.01
0.89 0.88 0.00
0.90 0.89 0.01
0.89 0.90 0.00
0.90 0.88 0.02
0.91 0.89 0.01
0.90 0.89 0.00
0.90 0.89 0.00
0.90 0.89 0.00
0.89 0.88 0.00
0.90 0.89 0.01
0.91 0.91 0.00
0.90 0.90 0.00
0.89 0.89 0.00
0.89 0.86 0.02
0.90 0.90 0.00
0.89 0.88 0.00
0.90 0.89 0.00
0.90 0.90 0.00
0.91 0.91 0.00
0.89 0.89 0.00
0.90 0.88 0.01
0.89 0.89 0.00
0.90 0.90 0.00
0.90 0.90 0.00
0.91 0.90 0.00
0.90 0.89 0.01
0.90 0.89 0.00
0.91 0.91 0.00
0.91 0.90 0.01
0.90 0.89 0.01
0.90 0.89 0.01
0.89 0.88 0.00
0.89 0.89 0.00
0.90 0.90 0.00
0.89 0.88 0.00
0.90 0.88 0.02
0.90 0.90 0.00
0.90 0.90 0.00
0.89 0.88 0.00
0.90 0.89 0.01
0.91 0.90 0.00
0.89 0.87 0.01
0.89 0.88 0.00
0.91 0.90 0.00
0.90 0.89 0.00
0.90 0.89 0.01
0.89 0.89 0.00
0.91 0.90 0.00
0.91 0.91 0.00
0.89 0.89 0.00
0.90 0.88 0.01
0.90 0.88 0.01
0.90 0.90 0.00
0.91 0.90 0.00
0.90 0.89 0.00
0.90 0.89 0.00
0.89 0.85 0.04
0.89 0.88 0.01
0.89 0.89 0.00
0.91 0.89 0.01
0.90 0.90 0.00
0.90 0.89 0.01
0.89 0.89 0.00
0.90 0.89 0.01
0.90 0.89 0.01
0.90 0.89 0.01
0.91 0.89 0.01
0.90 0.90 0.00
