0.91 0.90 0.00
0.89 0.89 0.00
0.90 0.89 0.00
0.90 0.90 0.00
0.90 0.89 0.00
0.90 0.90 0.00
0.90 0.89 0.00
0.90 0.89 0.00
0.91 0.91 0.00
0.89 0.90 0.00
0.90 0.89 0.00
0.89 0.88 0.01
0.90 0.90 0.00
0.90 0.88 0.01
0.90 0.88 0.01
0.90 0.86 0.04
0.89 0.89 0.00
0.90 0.88 0.01
0.90 0.90 0.00
0.90 0.89 0.01
0.89 0.89 0.00
0.90 0.89 0.00
0.91 0.90 0.00
0.90 0.89 0.00
0.90 0.90 0.00
0.89 0.88 0.00
0.91 0.90 0.01
0.90 0.89 0.01
0.91 0.90 0.01
0.90 0.89 0.01
0.89 0.89 0.00
0.91 0.90 0.00
0.90 0.89 0.01
0.89 0.88 0.01
0.91 0.89 0.01
0.89 0.89 0.00
0.90 0.86 0.04
0.90 0.90 0.00
0.89 0.88 0.00
0.89 0.89 0.00
0.90 0.89 0.01
0.90 0.89 0.00
0.90 0.90 0.00
0.90 0.89 0.01
0.90 0.90 0.00
0.91 0.90 0.00
0.91 0.90 0.00
0.90 0.89 0.00
0.90 0.90 0.00
1.25 0.89 0.01
0.91 0.90 0.01
0.90 0.90 0.00
0.90 0.90 0.00
0.90 0.89 0.01
0.90 0.89 0.00
0.90 0.90 0.00
0.90 0.89 0.00
0.89 0.88 0.01
0.91 0.90 0.00
0.90 0.90 0.00
0.90 0.89 0.01
0.89 0.89 0.00
0.89 0.88 0.00
0.91 0.90 0.01
0.90 0.90 0.00
0.90 0.89 0.00
0.90 0.90 0.00
0.90 0.90 0.00
0.89 0.88 0.01
0.91 0.90 0.00
0.92 0.90 0.01
0.91 0.89 0.01
0.89 0.89 0.00
0.90 0.90 0.00
0.89 0.88 0.01
0.89 0.88 0.00
0.90 0.90 0.00
0.90 0.90 0.00
0.90 0.89 0.00
0.90 0.88 0.01
0.90 0.89 0.00
0.90 0.89 0.00
0.90 0.90 0.00
0.90 0.89 0.00
0.90 0.90 0.00
0.89 0.88 0.00
0.91 0.90 0.00
0.90 0.89 0.00
0.89 0.88 0.00
0.90 0.88 0.01
0.90 0.89 0.01
0.90 0.86 0.03
0.90 0.89 0.00
0.90 0.89 0.00
0.89 0.89 0.00
0.91 0.90 0.00
0.90 0.90 0.00
0.90 0.89 0.00
0.90 0.89 0.00
0.90 0.90 0.00
