1.55 1.51 0.03
1.55 1.54 0.01
1.55 1.53 0.01
1.56 1.55 0.00
1.54 1.53 0.00
1.54 1.52 0.02
1.54 1.53 0.01
1.55 1.55 0.00
1.55 1.54 0.01
1.54 1.53 0.01
1.81 1.55 0.00
1.55 1.55 0.00
1.54 1.54 0.00
1.54 1.54 0.00
1.54 1.54 0.00
1.54 1.53 0.01
1.54 1.52 0.01
1.58 1.55 0.00
1.55 1.54 0.00
1.54 1.54 0.00
1.54 1.52 0.01
1.53 1.53 0.00
1.54 1.52 0.01
1.54 1.54 0.00
1.56 1.54 0.01
1.54 1.54 0.00
1.55 1.52 0.02
1.55 1.55 0.00
1.55 1.55 0.00
1.54 1.52 0.02
1.53 1.52 0.00
1.56 1.55 0.00
1.55 1.53 0.02
1.54 1.54 0.00
1.54 1.54 0.00
1.55 1.55 0.00
1.55 1.54 0.01
1.54 1.53 0.01
1.55 1.54 0.00
1.55 1.54 0.01
1.55 1.53 0.02
1.54 1.54 0.00
1.55 1.55 0.00
1.54 1.52 0.01
1.54 1.53 0.00
1.56 1.54 0.01
1.60 1.54 0.01
1.55 1.55 0.00
1.54 1.54 0.00
1.56 1.54 0.01
1.55 1.54 0.00
1.54 1.53 0.01
1.55 1.54 0.00
1.55 1.55 0.00
1.54 1.53 0.00
1.55 1.54 0.00
1.55 1.53 0.01
1.55 1.55 0.00
1.54 1.53 0.00
1.54 1.54 0.00
1.55 1.54 0.00
1.55 1.54 0.01
1.55 1.55 0.00
1.55 1.54 0.01
1.55 1.54 0.00
1.54 1.53 0.01
1.54 1.53 0.01
1.55 1.54 0.01
1.56 1.54 0.01
1.54 1.54 0.00
1.53 1.53 0.00
1.55 1.53 0.01
1.56 1.54 0.01
1.53 1.53 0.00
1.55 1.54 0.00
1.53 1.52 0.01
1.54 1.53 0.00
1.54 1.53 0.01
1.54 1.54 0.00
1.54 1.52 0.01
1.55 1.54 0.01
1.55 1.54 0.01
1.55 1.54 0.00
1.54 1.53 0.01
1.55 1.54 0.00
1.54 1.53 0.00
1.54 1.52 0.01
1.53 1.52 0.01
1.52 1.51 0.01
1.55 1.55 0.00
1.55 1.54 0.00
1.55 1.54 0.01
1.54 1.54 0.00
1.54 1.52 0.01
1.55 1.53 0.01
1.55 1.54 0.00
1.56 1.55 0.00
1.54 1.53 0.00
1.54 1.53 0.01
1.54 1.53 0.01
