0.98 0.96 0.01
0.98 0.97 0.00
0.98 0.96 0.01
0.99 0.98 0.00
0.98 0.98 0.00
0.97 0.97 0.00
0.98 0.98 0.00
0.98 0.98 0.00
0.98 0.98 0.00
0.99 0.98 0.00
1.88 0.97 0.02
0.97 0.98 0.00
0.99 0.98 0.01
0.99 0.98 0.00
0.99 0.98 0.01
0.98 0.98 0.00
0.99 0.98 0.01
0.98 0.98 0.00
0.98 0.97 0.00
0.99 0.98 0.00
0.97 0.97 0.00
0.99 0.97 0.01
0.99 0.99 0.00
0.98 0.97 0.00
0.99 0.98 0.01
0.99 0.98 0.01
0.98 0.97 0.01
0.98 0.97 0.01
0.98 0.96 0.01
0.97 0.96 0.00
0.98 0.98 0.00
0.98 0.97 0.00
0.97 0.97 0.00
0.98 0.97 0.00
0.98 0.98 0.00
0.98 0.97 0.01
0.98 0.98 0.00
1.00 0.99 0.00
0.98 0.98 0.00
0.98 0.97 0.00
0.99 0.98 0.01
0.98 0.97 0.00
0.98 0.97 0.00
0.97 0.96 0.01
0.98 0.97 0.00
0.98 0.98 0.00
0.98 0.96 0.02
0.97 0.96 0.01
0.98 0.97 0.00
0.98 0.98 0.00
1.00 0.97 0.01
0.98 0.96 0.02
0.99 0.98 0.00
0.98 0.97 0.01
0.98 0.96 0.02
0.98 0.97 0.00
0.97 0.97 0.00
1.00 0.98 0.01
0.99 0.98 0.01
0.98 0.97 0.01
0.98 0.97 0.00
0.99 0.98 0.00
0.98 0.98 0.00
0.98 0.97 0.00
0.99 0.98 0.00
0.98 0.98 0.00
0.99 0.99 0.00
0.98 0.98 0.00
0.98 0.98 0.00
0.98 0.97 0.00
0.98 0.96 0.02
0.98 0.97 0.01
0.98 0.97 0.00
0.98 0.96 0.01
0.99 0.98 0.01
0.99 0.98 0.00
0.99 0.99 0.00
0.98 0.97 0.01
0.99 0.98 0.01
0.98 0.96 0.01
0.99 0.99 0.00
0.99 0.99 0.00
0.99 0.98 0.01
0.99 0.98 0.00
0.99 0.98 0.00
0.98 0.96 0.01
0.99 0.98 0.00
0.98 0.97 0.00
0.98 0.97 0.01
0.99 0.98 0.00
0.99 0.98 0.01
0.98 0.97 0.00
0.98 0.96 0.02
0.97 0.96 0.00
0.98 0.97 0.01
0.98 0.97 0.01
0.98 0.98 0.00
0.99 0.98 0.00
0.98 0.96 0.01
0.99 0.98 0.01
