1.47 1.46 0.00
1.45 1.45 0.00
1.46 1.45 0.00
1.46 1.45 0.00
1.47 1.46 0.01
1.47 1.45 0.01
1.45 1.43 0.02
1.47 1.46 0.01
1.46 1.45 0.00
1.45 1.44 0.00
1.47 1.47 0.00
1.47 1.46 0.01
1.47 1.46 0.01
1.47 1.45 0.02
1.47 1.46 0.01
1.47 1.46 0.00
1.46 1.45 0.01
1.46 1.46 0.00
1.46 1.45 0.01
1.47 1.45 0.01
1.46 1.44 0.01
1.47 1.46 0.01
1.50 1.49 0.00
1.47 1.46 0.00
1.47 1.46 0.00
1.45 1.42 0.03
1.47 1.45 0.01
1.46 1.45 0.01
1.46 1.45 0.01
1.46 1.46 0.00
1.47 1.46 0.00
1.47 1.47 0.00
1.46 1.46 0.00
1.47 1.46 0.01
1.48 1.47 0.00
1.46 1.44 0.01
1.48 1.47 0.00
1.46 1.46 0.00
1.45 1.44 0.00
1.47 1.46 0.00
1.46 1.44 0.02
1.47 1.45 0.02
1.46 1.44 0.02
1.47 1.45 0.02
1.48 1.46 0.01
1.46 1.44 0.02
1.45 1.43 0.01
1.47 1.46 0.00
1.47 1.47 0.00
1.48 1.46 0.01
1.46 1.45 0.01
1.47 1.46 0.01
1.46 1.45 0.01
1.46 1.45 0.00
1.46 1.45 0.00
1.46 1.46 0.00
1.47 1.46 0.00
1.46 1.45 0.01
1.46 1.45 0.00
1.45 1.44 0.02
1.46 1.45 0.01
1.47 1.46 0.00
1.46 1.45 0.00
1.46 1.46 0.00
1.46 1.44 0.01
1.47 1.45 0.01
1.46 1.44 0.01
1.48 1.47 0.00
1.48 1.46 0.01
1.48 1.47 0.01
1.47 1.46 0.02
1.45 1.44 0.00
1.46 1.45 0.00
1.47 1.46 0.00
1.47 1.45 0.01
1.47 1.46 0.01
1.47 1.46 0.00
1.47 1.46 0.00
1.46 1.44 0.02
1.45 1.39 0.06
1.46 1.44 0.02
1.45 1.44 0.00
1.46 1.44 0.02
1.47 1.46 0.00
1.47 1.46 0.01
1.46 1.44 0.01
1.47 1.44 0.03
1.47 1.45 0.02
1.46 1.45 0.00
1.46 1.45 0.00
1.46 1.44 0.01
1.46 1.45 0.01
1.47 1.45 0.01
1.47 1.45 0.01
1.47 1.46 0.00
1.46 1.44 0.02
1.47 1.45 0.02
1.46 1.44 0.01
1.46 1.45 0.01
1.47 1.45 0.01
