2.30 2.29 0.00
2.35 2.34 0.01
2.29 2.28 0.01
2.31 2.30 0.00
2.30 2.28 0.02
2.31 2.30 0.01
2.30 2.28 0.02
2.30 2.28 0.02
2.29 2.28 0.00
2.29 2.26 0.02
2.29 2.28 0.00
2.31 2.29 0.01
2.29 2.28 0.00
2.29 2.29 0.00
2.30 2.29 0.00
2.30 2.28 0.02
2.29 2.28 0.00
2.30 2.28 0.01
2.94 2.92 0.01
2.31 2.28 0.02
2.30 2.30 0.00
2.29 2.28 0.01
2.31 2.30 0.00
2.34 2.33 0.01
2.32 2.30 0.01
2.31 2.30 0.01
2.31 2.30 0.00
2.29 2.28 0.00
2.33 2.31 0.02
2.30 2.29 0.01
2.30 2.28 0.01
2.33 2.32 0.00
2.30 2.28 0.01
2.29 2.27 0.01
2.30 2.30 0.00
2.30 2.30 0.00
2.29 2.28 0.01
2.29 2.27 0.01
2.30 2.26 0.04
2.29 2.28 0.01
2.32 2.30 0.01
2.30 2.28 0.01
2.30 2.28 0.02
2.29 2.28 0.01
2.32 2.30 0.01
2.29 2.29 0.00
2.30 2.30 0.00
2.30 2.29 0.00
2.35 2.34 0.01
2.30 2.28 0.01
2.29 2.28 0.01
2.29 2.28 0.00
2.30 2.30 0.00
2.29 2.28 0.00
2.30 2.28 0.01
2.29 2.28 0.01
2.28 2.27 0.01
2.30 2.28 0.02
2.29 2.29 0.00
2.29 2.28 0.01
2.30 2.29 0.01
2.29 2.28 0.01
2.30 2.28 0.02
2.30 2.29 0.01
2.30 2.29 0.01
2.30 2.28 0.01
2.29 2.28 0.00
2.29 2.30 0.00
2.31 2.29 0.01
2.30 2.28 0.01
2.30 2.29 0.00
2.31 2.30 0.01
2.29 2.28 0.01
2.30 2.28 0.01
2.30 2.29 0.01
2.30 2.29 0.00
2.31 2.28 0.02
2.30 2.29 0.01
2.31 2.28 0.02
2.30 2.29 0.00
2.29 2.28 0.01
2.31 2.30 0.00
2.30 2.29 0.00
2.30 2.28 0.01
2.29 2.27 0.01
2.30 2.28 0.01
2.30 2.28 0.01
2.31 2.30 0.01
2.29 2.28 0.00
2.29 2.29 0.00
2.30 2.28 0.02
2.29 2.28 0.01
2.30 2.30 0.00
2.31 2.30 0.00
2.29 2.27 0.02
2.29 2.28 0.01
2.30 2.28 0.02
2.30 2.29 0.00
2.31 2.30 0.02
2.29 2.27 0.01
