1.01 1.00 0.01
1.20 1.19 0.00
1.01 1.01 0.00
1.01 1.00 0.00
1.00 0.98 0.02
1.01 1.00 0.01
1.01 1.01 0.00
1.01 1.00 0.00
1.03 1.02 0.00
1.01 1.00 0.01
1.01 1.01 0.00
1.01 1.01 0.00
1.01 1.02 0.00
1.01 1.00 0.00
1.01 1.00 0.00
1.01 1.01 0.00
1.01 1.00 0.00
1.01 1.00 0.00
1.02 1.01 0.00
1.01 1.01 0.00
1.01 1.01 0.00
1.01 1.01 0.00
1.01 1.01 0.00
1.02 1.01 0.00
1.26 1.24 0.01
1.02 1.02 0.00
1.02 1.02 0.00
1.02 1.01 0.00
1.01 0.99 0.01
1.06 1.05 0.00
1.01 1.00 0.00
1.01 1.00 0.01
1.01 1.00 0.01
1.01 1.00 0.01
1.01 1.00 0.00
1.01 1.00 0.00
1.01 1.00 0.00
1.00 1.00 0.00
1.02 1.01 0.00
1.02 1.01 0.00
1.01 1.00 0.01
1.01 1.00 0.00
1.01 1.00 0.00
1.01 1.00 0.00
1.02 1.01 0.01
1.01 1.01 0.00
1.01 1.01 0.00
1.02 1.02 0.00
1.02 1.01 0.00
1.02 1.01 0.01
1.01 1.00 0.01
1.01 1.00 0.01
1.03 1.02 0.01
1.02 1.01 0.00
1.01 0.99 0.01
1.01 1.00 0.00
1.02 1.02 0.00
1.02 1.01 0.00
1.02 1.01 0.01
1.01 1.00 0.00
1.01 1.01 0.00
1.01 1.00 0.01
1.01 0.99 0.02
1.01 1.00 0.01
1.01 1.00 0.00
1.02 1.00 0.01
1.01 1.00 0.01
1.01 1.00 0.00
1.01 1.00 0.00
1.01 1.01 0.00
1.04 1.04 0.00
1.01 1.00 0.00
1.01 1.01 0.00
1.01 1.00 0.01
1.01 1.00 0.00
1.02 1.01 0.00
1.01 0.99 0.02
1.01 1.00 0.00
1.01 1.00 0.01
1.01 1.00 0.01
1.02 1.00 0.01
1.01 1.00 0.01
1.01 1.00 0.00
1.03 1.02 0.00
1.01 1.00 0.01
1.01 1.00 0.01
1.02 1.00 0.02
1.01 1.00 0.01
1.01 1.00 0.01
1.01 1.00 0.00
1.01 1.01 0.00
1.01 1.00 0.00
1.01 1.00 0.01
1.01 1.01 0.00
1.01 1.00 0.00
1.01 1.01 0.00
1.02 1.02 0.00
1.02 1.01 0.01
1.02 1.01 0.01
1.01 1.00 0.01
