0.59 0.59 0.00
0.59 0.59 0.00
0.60 0.60 0.00
0.59 0.59 0.00
0.60 0.59 0.00
0.59 0.59 0.00
0.60 0.58 0.01
0.60 0.58 0.02
0.59 0.59 0.00
0.60 0.59 0.00
0.59 0.59 0.00
0.60 0.59 0.00
0.60 0.60 0.00
0.60 0.60 0.00
0.60 0.60 0.00
0.60 0.58 0.01
0.60 0.60 0.00
0.60 0.60 0.00
0.60 0.59 0.00
0.60 0.60 0.00
0.59 0.59 0.00
0.61 0.60 0.00
0.60 0.60 0.00
0.59 0.60 0.00
0.61 0.60 0.00
0.60 0.60 0.00
0.59 0.60 0.00
0.59 0.59 0.00
0.60 0.60 0.00
0.60 0.59 0.00
0.60 0.59 0.00
0.60 0.59 0.00
0.60 0.59 0.00
0.59 0.58 0.00
0.60 0.59 0.00
0.60 0.60 0.00
0.60 0.59 0.01
0.59 0.59 0.00
0.60 0.60 0.00
0.59 0.58 0.01
0.60 0.60 0.00
0.59 0.59 0.00
0.60 0.59 0.00
0.60 0.60 0.00
0.60 0.59 0.00
0.59 0.58 0.00
0.59 0.59 0.00
0.60 0.60 0.00
0.59 0.59 0.00
0.59 0.60 0.00
0.59 0.58 0.00
0.60 0.60 0.00
0.60 0.59 0.00
0.60 0.59 0.01
0.59 0.58 0.00
0.65 0.65 0.00
0.59 0.59 0.00
0.60 0.58 0.01
0.60 0.59 0.00
0.60 0.60 0.00
0.59 0.59 0.00
0.59 0.59 0.00
0.59 0.59 0.00
0.60 0.60 0.00
0.59 0.58 0.00
0.60 0.60 0.00
0.60 0.60 0.00
0.59 0.59 0.00
0.59 0.58 0.00
0.59 0.58 0.00
0.59 0.58 0.00
0.60 0.59 0.00
0.60 0.58 0.01
0.60 0.60 0.00
0.59 0.59 0.00
0.60 0.60 0.00
0.60 0.59 0.00
0.60 0.60 0.00
0.60 0.60 0.00
0.60 0.58 0.01
0.60 0.60 0.00
0.59 0.58 0.00
0.60 0.60 0.00
0.60 0.59 0.01
0.59 0.58 0.00
0.60 0.59 0.00
0.59 0.59 0.00
0.60 0.59 0.00
0.61 0.60 0.00
0.60 0.60 0.00
0.59 0.60 0.00
0.59 0.58 0.00
0.59 0.59 0.00
0.59 0.59 0.00
0.59 0.59 0.00
0.59 0.59 0.00
0.60 0.58 0.01
0.59 0.59 0.00
0.59 0.58 0.00
0.59 0.58 0.00
