0.33 0.33 0.00
0.33 0.33 0.00
0.33 0.32 0.00
0.34 0.34 0.00
0.33 0.33 0.00
0.33 0.33 0.00
0.33 0.32 0.00
0.33 0.32 0.00
0.33 0.32 0.00
0.33 0.32 0.00
0.33 0.33 0.00
0.33 0.32 0.00
0.32 0.32 0.00
0.34 0.34 0.00
0.33 0.33 0.00
0.34 0.34 0.00
0.33 0.33 0.00
0.33 0.33 0.00
0.33 0.33 0.00
0.33 0.33 0.00
0.34 0.34 0.00
0.34 0.34 0.00
0.33 0.32 0.00
0.34 0.34 0.00
0.33 0.32 0.00
0.34 0.33 0.00
0.34 0.34 0.00
0.33 0.33 0.00
0.33 0.32 0.00
0.33 0.32 0.00
0.33 0.32 0.00
0.33 0.32 0.00
0.34 0.34 0.00
0.33 0.32 0.00
0.34 0.34 0.00
0.33 0.33 0.00
0.33 0.33 0.00
0.33 0.32 0.00
0.33 0.33 0.00
0.33 0.33 0.00
0.33 0.32 0.00
0.33 0.32 0.00
0.32 0.32 0.00
0.33 0.32 0.00
0.33 0.33 0.00
0.33 0.32 0.01
0.33 0.32 0.00
0.33 0.32 0.00
0.33 0.34 0.00
0.33 0.33 0.00
0.34 0.34 0.00
0.34 0.34 0.00
0.32 0.32 0.00
0.33 0.32 0.00
0.34 0.34 0.00
0.34 0.33 0.00
0.33 0.32 0.00
0.34 0.34 0.00
0.33 0.32 0.00
0.33 0.32 0.00
0.34 0.32 0.01
0.34 0.34 0.00
0.34 0.34 0.00
0.33 0.33 0.00
0.33 0.32 0.00
0.34 0.33 0.00
0.34 0.33 0.01
0.34 0.33 0.00
0.33 0.32 0.00
0.34 0.34 0.00
0.34 0.33 0.00
0.34 0.34 0.00
0.33 0.32 0.00
0.33 0.33 0.00
0.33 0.33 0.00
0.33 0.32 0.00
0.33 0.33 0.00
0.75 0.32 0.00
0.33 0.33 0.00
0.34 0.34 0.00
0.33 0.33 0.00
0.34 0.34 0.00
0.33 0.32 0.00
0.33 0.33 0.00
0.34 0.34 0.00
0.34 0.34 0.00
0.33 0.33 0.00
0.34 0.34 0.00
0.33 0.33 0.00
0.34 0.34 0.00
0.34 0.34 0.00
0.33 0.32 0.01
0.33 0.33 0.00
0.33 0.33 0.00
0.33 0.33 0.00
0.33 0.32 0.01
0.34 0.34 0.00
0.33 0.32 0.01
0.32 0.32 0.00
0.34 0.34 0.00
