2.30 2.28 0.01
2.30 2.29 0.01
2.30 2.29 0.01
2.31 2.30 0.01
2.31 2.30 0.00
2.30 2.29 0.01
2.30 2.28 0.01
2.30 2.28 0.01
2.30 2.28 0.01
2.32 2.30 0.01
2.30 2.28 0.01
2.30 2.28 0.01
2.29 2.29 0.00
2.29 2.29 0.00
2.29 2.29 0.00
2.29 2.28 0.01
2.30 2.28 0.01
2.31 2.30 0.01
2.31 2.30 0.00
2.30 2.29 0.00
2.30 2.28 0.02
2.30 2.29 0.01
2.30 2.30 0.00
2.30 2.29 0.01
2.31 2.30 0.01
2.30 2.29 0.01
2.30 2.29 0.01
2.30 2.28 0.02
2.29 2.28 0.01
2.30 2.28 0.02
2.30 2.28 0.02
2.30 2.29 0.01
2.31 2.29 0.02
2.32 2.32 0.00
2.31 2.30 0.00
2.30 2.29 0.00
2.30 2.30 0.00
2.31 2.29 0.02
2.31 2.30 0.01
2.31 2.29 0.01
2.29 2.28 0.01
2.31 2.30 0.01
2.30 2.28 0.02
2.30 2.28 0.01
2.30 2.28 0.01
2.30 2.29 0.01
2.30 2.29 0.01
2.31 2.28 0.02
2.30 2.30 0.00
2.30 2.28 0.02
2.31 2.30 0.01
2.31 2.29 0.01
2.29 2.28 0.01
2.30 2.30 0.00
2.30 2.28 0.02
2.30 2.29 0.00
2.31 2.29 0.01
2.32 2.30 0.01
2.30 2.29 0.01
2.29 2.27 0.02
2.29 2.29 0.00
2.30 2.29 0.00
2.30 2.29 0.00
2.30 2.29 0.01
2.31 2.30 0.00
2.30 2.28 0.01
2.30 2.29 0.01
2.30 2.28 0.01
2.91 2.29 0.01
2.31 2.30 0.00
2.31 2.30 0.01
2.31 2.30 0.00
2.30 2.27 0.03
2.30 2.29 0.00
2.29 2.28 0.00
2.30 2.29 0.01
2.30 2.28 0.02
2.30 2.30 0.00
2.30 2.29 0.00
2.30 2.28 0.01
2.30 2.28 0.02
2.30 2.30 0.00
2.31 2.30 0.00
2.30 2.28 0.01
2.30 2.30 0.00
2.30 2.28 0.02
2.30 2.29 0.01
2.30 2.29 0.00
2.31 2.30 0.00
2.31 2.29 0.01
2.29 2.28 0.01
2.32 2.31 0.00
2.30 2.28 0.01
2.31 2.30 0.00
2.33 2.31 0.01
2.31 2.30 0.01
2.30 2.29 0.00
2.30 2.30 0.00
2.30 2.28 0.02
2.30 2.29 0.01
