1.58 1.58 0.00
1.57 1.56 0.00
1.58 1.57 0.00
1.57 1.55 0.02
1.57 1.56 0.01
1.58 1.57 0.01
1.57 1.57 0.00
1.58 1.57 0.01
1.57 1.56 0.00
1.57 1.56 0.02
1.61 1.60 0.00
1.57 1.56 0.01
1.57 1.56 0.00
1.58 1.58 0.00
1.58 1.56 0.01
1.58 1.57 0.00
1.57 1.57 0.00
1.58 1.57 0.00
1.58 1.56 0.02
1.58 1.56 0.01
1.59 1.58 0.00
1.57 1.56 0.00
1.63 1.61 0.01
1.57 1.56 0.01
1.57 1.56 0.00
1.58 1.56 0.01
1.58 1.57 0.01
1.57 1.55 0.01
1.57 1.56 0.01
1.57 1.56 0.00
1.59 1.58 0.01
1.59 1.57 0.01
1.58 1.57 0.00
1.58 1.56 0.01
1.58 1.57 0.01
1.57 1.56 0.00
1.58 1.58 0.00
1.58 1.58 0.00
1.58 1.57 0.01
1.57 1.56 0.00
1.62 1.62 0.00
1.57 1.56 0.00
1.58 1.57 0.00
1.57 1.56 0.00
1.58 1.56 0.01
1.57 1.57 0.00
1.57 1.56 0.00
1.57 1.55 0.02
1.57 1.56 0.01
1.57 1.56 0.01
1.59 1.58 0.01
1.57 1.56 0.01
1.57 1.57 0.00
1.57 1.56 0.00
1.57 1.54 0.02
1.57 1.56 0.01
1.58 1.57 0.00
1.58 1.57 0.00
1.60 1.60 0.00
1.57 1.55 0.01
1.57 1.56 0.01
1.58 1.57 0.01
1.58 1.57 0.00
1.58 1.57 0.00
1.58 1.56 0.01
1.57 1.55 0.01
1.58 1.58 0.00
1.58 1.56 0.02
1.57 1.55 0.02
1.58 1.57 0.01
1.57 1.55 0.02
1.59 1.59 0.00
1.57 1.56 0.01
1.58 1.56 0.01
1.58 1.57 0.01
1.57 1.56 0.01
1.58 1.57 0.00
1.63 1.62 0.00
1.58 1.56 0.02
1.57 1.56 0.01
1.57 1.57 0.00
1.59 1.57 0.01
1.58 1.56 0.01
1.57 1.56 0.01
1.57 1.56 0.01
1.57 1.55 0.01
1.58 1.56 0.01
1.57 1.56 0.01
1.58 1.57 0.00
1.58 1.56 0.02
1.57 1.56 0.00
1.57 1.56 0.00
1.59 1.58 0.01
1.58 1.57 0.00
1.57 1.56 0.00
1.58 1.58 0.00
1.57 1.56 0.00
1.58 1.56 0.02
1.60 1.59 0.00
1.57 1.55 0.02
