0.12 0.12 0.00
0.12 0.12 0.00
0.12 0.12 0.00
0.13 0.13 0.00
0.13 0.13 0.00
0.12 0.12 0.00
0.13 0.13 0.00
0.12 0.12 0.00
0.12 0.12 0.00
0.13 0.13 0.00
0.12 0.12 0.00
0.13 0.12 0.00
0.13 0.13 0.00
0.13 0.14 0.00
0.12 0.12 0.00
0.12 0.12 0.00
0.12 0.12 0.00
0.13 0.13 0.00
0.12 0.12 0.00
0.13 0.12 0.00
0.12 0.12 0.00
0.12 0.12 0.00
0.12 0.12 0.00
0.13 0.13 0.00
0.13 0.13 0.00
0.12 0.12 0.00
0.12 0.12 0.00
0.13 0.13 0.00
0.12 0.12 0.00
0.12 0.12 0.00
0.12 0.12 0.00
0.12 0.12 0.00
0.12 0.12 0.00
0.13 0.13 0.00
0.13 0.13 0.00
0.12 0.12 0.00
0.12 0.12 0.00
0.13 0.12 0.00
0.12 0.12 0.00
0.13 0.13 0.00
0.14 0.13 0.00
0.12 0.12 0.00
0.12 0.12 0.00
0.13 0.13 0.00
0.12 0.12 0.00
0.12 0.12 0.00
0.12 0.12 0.00
0.13 0.14 0.00
0.12 0.12 0.00
0.12 0.12 0.00
0.12 0.12 0.00
0.12 0.12 0.00
0.12 0.12 0.00
0.12 0.12 0.00
0.12 0.12 0.00
0.13 0.13 0.00
0.12 0.11 0.00
0.13 0.12 0.00
0.12 0.12 0.00
0.13 0.13 0.00
0.12 0.12 0.00
0.13 0.13 0.00
0.12 0.12 0.00
0.12 0.12 0.00
0.12 0.12 0.00
0.12 0.12 0.00
0.13 0.13 0.00
0.12 0.12 0.00
0.12 0.12 0.00
0.13 0.12 0.00
0.12 0.12 0.00
0.13 0.13 0.00
0.12 0.12 0.00
0.12 0.12 0.00
0.13 0.13 0.00
0.12 0.12 0.00
0.13 0.12 0.00
0.12 0.12 0.00
0.13 0.13 0.00
0.12 0.12 0.00
0.13 0.13 0.00
0.13 0.13 0.00
0.13 0.13 0.00
0.12 0.12 0.00
0.13 0.13 0.00
0.12 0.12 0.00
0.13 0.12 0.00
0.12 0.12 0.00
0.12 0.12 0.00
0.12 0.12 0.00
0.12 0.12 0.00
0.14 0.13 0.00
0.12 0.12 0.00
0.13 0.13 0.00
0.12 0.12 0.00
0.13 0.14 0.00
0.14 0.13 0.00
0.14 0.14 0.00
0.12 0.12 0.00
0.13 0.12 0.00
