0.71 0.70 0.00
0.71 0.70 0.01
0.72 0.72 0.00
0.71 0.71 0.00
0.72 0.71 0.00
0.71 0.71 0.00
0.71 0.70 0.00
0.71 0.71 0.00
0.72 0.72 0.00
0.72 0.71 0.00
0.71 0.71 0.00
0.71 0.70 0.01
0.72 0.71 0.00
0.71 0.70 0.00
0.71 0.70 0.00
0.72 0.72 0.00
0.71 0.70 0.01
0.71 0.70 0.01
0.71 0.70 0.00
0.71 0.70 0.01
0.72 0.71 0.00
0.71 0.72 0.00
0.71 0.69 0.01
0.71 0.70 0.01
0.72 0.71 0.00
0.72 0.71 0.01
0.71 0.69 0.01
0.71 0.70 0.00
0.71 0.70 0.00
0.72 0.71 0.00
0.72 0.72 0.00
0.71 0.70 0.00
0.71 0.71 0.00
0.71 0.70 0.01
0.71 0.70 0.01
0.72 0.71 0.00
0.71 0.71 0.00
0.72 0.71 0.00
0.71 0.72 0.00
0.71 0.70 0.00
0.72 0.71 0.00
0.72 0.72 0.00
0.72 0.72 0.00
0.73 0.72 0.01
0.72 0.71 0.01
0.72 0.71 0.01
0.71 0.70 0.01
0.74 0.73 0.00
0.72 0.71 0.01
0.71 0.71 0.00
0.71 0.71 0.00
0.72 0.70 0.01
0.72 0.71 0.00
0.71 0.71 0.00
0.71 0.70 0.00
0.72 0.72 0.00
0.72 0.71 0.00
0.72 0.72 0.00
0.72 0.72 0.00
0.72 0.71 0.00
0.70 0.70 0.00
0.73 0.73 0.00
0.72 0.71 0.00
0.71 0.71 0.00
0.72 0.71 0.00
0.71 0.70 0.00
0.71 0.71 0.00
0.71 0.69 0.01
0.72 0.71 0.00
0.71 0.71 0.00
0.71 0.71 0.00
0.71 0.71 0.00
0.71 0.70 0.00
0.71 0.70 0.01
0.71 0.71 0.00
0.71 0.71 0.00
0.72 0.72 0.00
0.71 0.71 0.00
0.71 0.70 0.00
0.70 0.70 0.00
0.71 0.71 0.00
1.44 0.71 0.00
0.71 0.71 0.00
0.71 0.71 0.00
0.71 0.71 0.00
0.71 0.71 0.00
0.71 0.71 0.00
0.71 0.71 0.00
0.71 0.70 0.00
0.72 0.71 0.00
0.71 0.70 0.00
0.71 0.71 0.00
0.71 0.70 0.01
0.72 0.71 0.01
0.72 0.71 0.00
0.72 0.71 0.00
0.71 0.71 0.00
0.71 0.71 0.00
0.73 0.72 0.01
0.71 0.70 0.00
