2.01 1.99 0.01
1.99 1.98 0.00
2.01 2.00 0.01
1.99 1.98 0.01
2.00 1.99 0.01
2.01 2.01 0.00
1.99 1.98 0.01
2.01 2.00 0.01
2.00 1.98 0.01
2.00 1.98 0.02
2.01 2.00 0.00
2.00 1.99 0.01
1.99 1.98 0.01
1.99 1.99 0.00
2.00 1.99 0.00
2.00 1.97 0.02
1.99 1.98 0.01
2.00 2.00 0.00
2.00 2.00 0.00
2.00 1.99 0.01
1.99 1.98 0.01
2.00 1.98 0.01
2.00 1.99 0.01
1.99 1.99 0.00
2.10 2.08 0.02
2.00 1.99 0.00
2.00 1.99 0.01
1.99 1.98 0.00
2.00 1.98 0.02
1.99 1.99 0.00
1.99 1.98 0.00
1.99 1.98 0.01
1.99 1.98 0.01
2.00 1.99 0.00
1.99 1.98 0.00
2.00 1.98 0.02
1.99 1.98 0.00
2.00 1.97 0.02
2.05 2.04 0.00
2.00 1.99 0.00
2.00 1.98 0.01
2.00 1.99 0.00
2.00 1.99 0.01
2.00 1.99 0.01
2.01 2.00 0.00
1.99 1.98 0.01
2.00 1.99 0.01
2.00 1.99 0.01
2.00 2.00 0.00
1.99 1.98 0.00
1.99 1.98 0.01
2.00 1.99 0.01
2.00 2.00 0.00
1.99 1.99 0.00
2.00 2.00 0.00
1.99 1.98 0.01
1.99 1.98 0.00
2.00 1.99 0.00
2.01 2.00 0.01
1.99 1.99 0.00
1.99 1.98 0.00
2.00 1.99 0.01
2.00 1.99 0.01
2.00 1.99 0.01
2.01 1.99 0.01
1.99 1.99 0.00
2.00 2.00 0.00
1.99 1.98 0.00
1.99 1.98 0.01
2.00 1.99 0.01
2.01 1.99 0.01
1.99 1.98 0.00
2.00 1.98 0.01
2.29 1.98 0.01
2.00 1.98 0.01
2.00 1.99 0.01
2.00 1.98 0.01
1.99 1.98 0.00
1.99 1.98 0.01
1.99 1.98 0.01
2.00 1.98 0.01
1.99 1.99 0.00
3.15 1.98 0.02
2.00 1.98 0.01
2.01 2.00 0.00
1.99 1.98 0.01
2.00 1.99 0.01
2.00 1.98 0.01
2.00 2.00 0.00
2.01 2.00 0.01
2.00 1.99 0.01
2.01 1.99 0.01
1.99 1.98 0.01
2.00 2.00 0.00
2.00 1.98 0.01
2.00 1.99 0.01
2.01 2.00 0.00
2.00 1.98 0.01
2.00 1.98 0.01
1.99 1.99 0.00
