3.06 3.04 0.01
3.06 3.04 0.01
3.08 3.06 0.02
3.05 3.05 0.00
3.05 3.05 0.00
3.04 3.03 0.01
3.05 3.05 0.00
3.05 3.04 0.01
3.05 3.03 0.02
3.04 3.03 0.01
3.05 3.03 0.01
3.68 3.03 0.00
3.05 3.05 0.00
3.05 3.04 0.01
3.69 3.06 0.01
3.04 3.03 0.01
3.05 3.03 0.02
3.05 3.04 0.00
3.04 3.03 0.01
3.05 3.04 0.00
3.05 3.03 0.02
3.05 3.03 0.01
3.04 3.02 0.01
3.04 3.02 0.01
3.08 3.07 0.01
3.06 3.06 0.00
3.05 3.04 0.01
3.05 3.04 0.01
3.07 3.06 0.00
3.03 3.02 0.01
3.05 3.04 0.00
3.05 3.04 0.00
3.04 3.04 0.00
3.05 3.02 0.02
3.05 3.04 0.00
3.05 3.05 0.00
3.07 3.06 0.00
3.04 3.04 0.00
3.06 3.04 0.02
3.04 3.02 0.01
3.05 3.02 0.03
3.67 3.03 0.00
3.05 3.04 0.00
3.05 3.04 0.01
3.05 3.04 0.00
3.06 3.05 0.00
3.07 3.05 0.01
3.05 3.04 0.00
3.06 3.04 0.01
3.05 3.04 0.00
3.06 3.05 0.00
3.10 3.09 0.00
3.05 3.04 0.01
3.06 3.04 0.02
3.05 3.03 0.02
3.04 3.03 0.01
3.03 3.02 0.01
3.06 3.06 0.00
3.05 3.03 0.02
3.03 3.01 0.02
3.04 3.02 0.02
3.05 3.04 0.00
3.06 3.04 0.02
3.05 3.03 0.02
3.05 3.04 0.01
3.05 3.04 0.01
3.05 3.03 0.02
3.04 3.01 0.02
3.06 3.05 0.01
3.05 3.03 0.02
3.04 3.02 0.02
3.09 3.07 0.00
3.04 3.02 0.02
3.04 3.03 0.00
3.04 3.02 0.02
3.04 3.03 0.01
3.05 3.02 0.02
3.05 3.03 0.01
3.05 3.05 0.00
3.04 3.03 0.00
3.05 3.04 0.00
3.06 3.03 0.02
3.05 3.04 0.00
3.05 3.04 0.01
3.05 3.04 0.01
3.06 3.04 0.01
3.05 3.03 0.02
3.06 3.06 0.00
3.05 3.04 0.00
3.04 3.03 0.00
3.07 3.06 0.00
3.04 3.03 0.01
3.04 3.04 0.00
3.05 3.05 0.00
3.04 3.04 0.00
3.04 3.03 0.01
3.05 3.03 0.01
3.04 3.03 0.01
3.05 3.04 0.01
3.04 3.03 0.00
