0.91 0.90 0.01
0.91 0.90 0.00
0.91 0.91 0.00
0.92 0.91 0.00
0.91 0.90 0.00
0.90 0.89 0.01
0.91 0.89 0.01
0.91 0.90 0.00
0.91 0.89 0.02
0.91 0.90 0.01
0.91 0.90 0.00
0.91 0.90 0.00
0.91 0.91 0.00
0.92 0.90 0.01
0.91 0.90 0.00
0.91 0.90 0.00
0.91 0.90 0.01
0.92 0.92 0.00
0.92 0.90 0.01
0.91 0.91 0.00
0.91 0.91 0.00
0.92 0.92 0.00
0.91 0.90 0.00
0.91 0.89 0.01
0.91 0.90 0.00
0.91 0.90 0.02
0.91 0.90 0.00
0.91 0.90 0.00
0.91 0.88 0.03
0.91 0.90 0.01
0.91 0.90 0.00
0.91 0.90 0.00
0.91 0.89 0.02
0.91 0.89 0.02
0.91 0.91 0.00
0.91 0.90 0.01
0.91 0.91 0.00
0.92 0.92 0.00
0.91 0.90 0.01
0.91 0.90 0.00
0.91 0.90 0.00
0.90 0.88 0.02
0.91 0.91 0.00
0.92 0.91 0.00
0.91 0.91 0.00
0.91 0.89 0.02
0.91 0.90 0.00
0.91 0.91 0.00
0.92 0.91 0.00
0.91 0.92 0.00
0.91 0.90 0.00
0.92 0.91 0.00
0.91 0.91 0.00
0.91 0.89 0.02
0.92 0.91 0.01
0.91 0.90 0.00
0.91 0.91 0.00
0.91 0.89 0.01
0.91 0.90 0.00
0.91 0.90 0.00
0.91 0.90 0.00
0.91 0.89 0.01
0.91 0.90 0.00
0.91 0.90 0.01
0.92 0.91 0.00
0.91 0.90 0.00
0.92 0.91 0.00
0.91 0.90 0.00
0.91 0.90 0.01
0.91 0.90 0.00
0.91 0.91 0.00
0.91 0.90 0.00
0.91 0.91 0.00
0.91 0.90 0.00
0.91 0.90 0.00
0.91 0.90 0.00
0.91 0.91 0.00
0.91 0.90 0.01
0.91 0.91 0.00
0.92 0.91 0.01
0.91 0.91 0.00
0.91 0.90 0.01
0.92 0.90 0.01
0.91 0.91 0.00
0.90 0.90 0.00
0.91 0.91 0.00
0.91 0.91 0.00
0.91 0.91 0.00
0.91 0.90 0.00
0.91 0.89 0.01
0.92 0.92 0.00
0.92 0.92 0.00
0.91 0.89 0.01
0.90 0.90 0.00
0.90 0.89 0.01
0.92 0.92 0.00
0.91 0.90 0.01
0.91 0.91 0.00
0.91 0.90 0.00
0.92 0.90 0.01
