0.54 0.53 0.00
0.53 0.54 0.00
0.54 0.54 0.00
0.53 0.53 0.00
0.54 0.53 0.00
0.57 0.56 0.00
0.54 0.53 0.00
0.54 0.53 0.00
0.55 0.53 0.01
0.54 0.54 0.00
0.54 0.54 0.00
0.54 0.53 0.01
0.54 0.54 0.00
0.55 0.54 0.00
0.55 0.54 0.00
0.55 0.55 0.00
0.54 0.53 0.00
0.55 0.55 0.00
0.55 0.54 0.00
0.54 0.54 0.00
0.54 0.54 0.00
0.54 0.52 0.01
0.55 0.55 0.00
0.55 0.54 0.01
0.54 0.53 0.01
0.54 0.53 0.00
0.54 0.54 0.00
0.53 0.52 0.02
0.54 0.54 0.00
0.54 0.54 0.00
0.54 0.53 0.00
0.54 0.54 0.00
0.54 0.54 0.00
0.54 0.53 0.00
0.54 0.53 0.00
0.54 0.53 0.00
0.54 0.53 0.00
0.54 0.54 0.00
0.54 0.53 0.00
0.53 0.53 0.00
0.53 0.53 0.00
0.54 0.53 0.00
0.53 0.53 0.00
0.53 0.52 0.01
0.54 0.54 0.00
0.53 0.52 0.01
0.54 0.53 0.00
0.54 0.52 0.01
0.54 0.53 0.00
0.54 0.54 0.00
0.53 0.53 0.00
0.54 0.53 0.00
0.54 0.54 0.00
0.54 0.54 0.00
0.54 0.54 0.00
0.54 0.53 0.00
0.55 0.54 0.01
0.54 0.54 0.00
0.54 0.54 0.00
0.54 0.54 0.00
0.53 0.53 0.00
0.54 0.53 0.00
0.54 0.53 0.00
0.54 0.53 0.00
0.54 0.54 0.00
0.55 0.54 0.00
0.55 0.55 0.00
0.55 0.55 0.00
0.54 0.53 0.00
0.54 0.54 0.00
0.53 0.53 0.00
0.53 0.53 0.00
0.54 0.54 0.00
0.54 0.53 0.00
0.54 0.54 0.00
0.54 0.54 0.00
0.54 0.53 0.00
0.53 0.54 0.00
0.54 0.53 0.00
0.54 0.53 0.00
0.54 0.54 0.00
0.54 0.54 0.00
0.55 0.54 0.00
0.53 0.53 0.00
0.54 0.54 0.00
0.53 0.53 0.00
0.54 0.53 0.00
0.54 0.54 0.00
0.54 0.54 0.00
0.54 0.53 0.00
0.53 0.53 0.00
0.54 0.53 0.00
0.54 0.54 0.00
0.54 0.53 0.01
0.54 0.54 0.00
0.55 0.54 0.00
0.54 0.52 0.01
0.54 0.54 0.00
0.54 0.54 0.00
0.54 0.53 0.00
