0.28 0.28 0.00
0.28 0.27 0.00
0.27 0.27 0.00
0.30 0.30 0.00
0.28 0.28 0.00
0.28 0.28 0.00
0.29 0.29 0.00
0.27 0.27 0.00
0.28 0.28 0.00
0.28 0.28 0.00
0.28 0.28 0.00
0.28 0.28 0.00
0.29 0.28 0.01
0.28 0.27 0.00
0.28 0.27 0.00
0.28 0.28 0.00
0.28 0.28 0.00
0.29 0.29 0.00
0.28 0.28 0.00
0.28 0.27 0.01
0.28 0.28 0.00
0.28 0.27 0.00
0.28 0.28 0.00
0.28 0.28 0.00
0.29 0.28 0.00
0.29 0.28 0.00
0.28 0.27 0.00
0.28 0.27 0.00
0.27 0.27 0.00
0.30 0.30 0.00
0.28 0.28 0.00
0.28 0.27 0.00
0.28 0.28 0.00
0.28 0.28 0.00
0.28 0.27 0.00
0.28 0.27 0.00
0.28 0.27 0.00
0.28 0.27 0.01
0.28 0.28 0.00
0.28 0.27 0.00
0.28 0.28 0.00
0.28 0.28 0.00
0.29 0.28 0.00
0.28 0.27 0.00
0.28 0.28 0.00
0.28 0.28 0.00
0.27 0.28 0.00
0.28 0.27 0.00
0.28 0.27 0.00
0.28 0.28 0.00
0.28 0.27 0.00
0.28 0.28 0.00
0.28 0.28 0.00
0.28 0.28 0.00
0.27 0.26 0.01
0.28 0.27 0.00
0.27 0.27 0.00
0.28 0.27 0.00
0.27 0.27 0.00
0.28 0.28 0.00
0.28 0.27 0.00
0.28 0.27 0.00
0.29 0.28 0.00
0.28 0.28 0.00
0.28 0.27 0.01
0.28 0.28 0.00
0.28 0.28 0.00
0.28 0.28 0.00
0.28 0.26 0.01
0.33 0.28 0.00
0.28 0.27 0.00
0.29 0.29 0.00
0.28 0.28 0.00
0.28 0.27 0.00
0.28 0.27 0.00
0.28 0.28 0.00
0.28 0.27 0.00
0.28 0.28 0.00
0.28 0.28 0.00
0.27 0.28 0.00
0.28 0.28 0.00
0.28 0.28 0.00
0.28 0.28 0.00
0.28 0.27 0.01
0.28 0.28 0.00
0.28 0.28 0.00
0.27 0.27 0.00
0.28 0.28 0.00
0.28 0.28 0.00
0.28 0.26 0.01
0.28 0.26 0.01
0.28 0.28 0.00
0.28 0.28 0.00
0.28 0.28 0.00
0.28 0.28 0.00
0.28 0.28 0.00
0.28 0.27 0.00
0.28 0.28 0.00
0.28 0.28 0.00
0.28 0.28 0.00
