2.06 2.04 0.02
2.06 2.05 0.00
2.05 2.03 0.02
2.05 2.04 0.01
2.05 2.04 0.01
2.05 2.04 0.00
2.05 2.03 0.02
2.06 2.04 0.01
2.05 2.04 0.00
2.05 2.04 0.01
2.07 2.04 0.02
2.06 2.04 0.01
2.06 2.05 0.00
2.05 2.04 0.00
2.06 2.04 0.01
2.06 2.04 0.02
2.05 2.04 0.00
2.05 2.02 0.02
2.05 2.04 0.00
2.05 2.02 0.02
2.05 2.04 0.01
2.06 2.05 0.00
2.05 2.04 0.00
2.05 2.04 0.01
2.05 2.03 0.01
2.05 2.04 0.01
2.05 2.03 0.02
2.05 2.03 0.02
2.10 2.09 0.01
2.05 2.03 0.01
2.05 2.05 0.00
2.05 2.04 0.01
2.06 2.05 0.00
2.05 2.03 0.02
2.05 2.04 0.01
2.14 2.13 0.01
2.05 2.04 0.00
2.06 2.05 0.01
2.06 2.05 0.01
2.05 2.03 0.02
2.05 2.04 0.01
2.06 2.04 0.01
2.05 2.03 0.02
2.05 2.03 0.02
2.06 2.05 0.01
2.06 2.05 0.01
2.05 2.02 0.02
2.06 2.04 0.01
2.06 2.04 0.01
2.05 2.05 0.00
2.05 2.02 0.02
2.04 2.02 0.02
2.05 2.04 0.01
2.06 2.06 0.00
2.06 2.05 0.01
2.05 2.04 0.00
2.08 2.06 0.00
2.05 2.04 0.00
2.05 2.05 0.00
2.06 2.04 0.02
2.07 2.06 0.00
2.06 2.04 0.02
2.06 2.05 0.00
2.06 2.06 0.00
2.05 2.04 0.01
2.06 2.05 0.00
2.06 2.05 0.00
2.06 2.06 0.00
2.17 2.16 0.00
2.06 2.05 0.00
2.05 2.05 0.00
2.05 2.04 0.00
2.05 2.04 0.00
2.05 2.03 0.01
2.06 2.04 0.02
2.05 2.04 0.00
2.05 2.04 0.00
2.05 2.03 0.01
2.10 2.09 0.00
2.06 2.05 0.01
2.05 2.04 0.00
2.05 2.03 0.01
2.06 2.05 0.01
2.05 2.03 0.01
2.05 2.03 0.02
2.06 2.05 0.00
2.06 2.04 0.01
2.05 2.03 0.02
2.06 2.04 0.02
2.05 2.03 0.01
2.05 2.03 0.02
2.07 2.04 0.02
2.06 2.05 0.01
2.05 2.04 0.00
2.05 2.03 0.01
2.06 2.05 0.01
2.05 2.03 0.02
2.06 2.05 0.00
2.05 2.04 0.00
2.05 2.04 0.00
