1.41 1.40 0.01
1.42 1.41 0.01
1.42 1.40 0.01
1.42 1.41 0.01
1.42 1.41 0.01
1.42 1.41 0.00
1.41 1.40 0.01
1.41 1.40 0.00
1.41 1.41 0.00
1.42 1.40 0.01
1.42 1.40 0.01
1.41 1.41 0.00
1.41 1.40 0.00
1.41 1.40 0.00
1.41 1.41 0.00
1.41 1.40 0.01
1.42 1.41 0.00
1.42 1.41 0.00
1.41 1.40 0.01
1.41 1.40 0.00
1.42 1.40 0.02
1.42 1.41 0.00
1.41 1.39 0.02
1.42 1.41 0.01
1.41 1.41 0.00
1.42 1.40 0.01
1.40 1.39 0.01
1.41 1.39 0.02
1.42 1.41 0.01
1.42 1.40 0.01
1.42 1.41 0.01
1.42 1.40 0.01
1.42 1.41 0.00
1.42 1.40 0.01
1.41 1.40 0.00
1.41 1.39 0.01
1.41 1.40 0.01
1.41 1.40 0.01
1.41 1.42 0.00
1.41 1.41 0.00
1.42 1.41 0.00
1.41 1.40 0.00
1.42 1.41 0.00
1.41 1.41 0.00
1.41 1.40 0.01
1.41 1.40 0.00
1.42 1.41 0.01
1.41 1.39 0.02
1.42 1.41 0.01
1.43 1.42 0.00
1.42 1.41 0.00
1.42 1.40 0.01
1.41 1.40 0.01
1.41 1.41 0.00
1.41 1.39 0.01
1.41 1.40 0.01
1.41 1.40 0.00
1.42 1.42 0.00
1.41 1.41 0.00
1.41 1.41 0.00
1.41 1.40 0.01
1.41 1.39 0.02
1.42 1.42 0.00
1.41 1.40 0.01
1.41 1.40 0.00
1.41 1.39 0.02
1.41 1.40 0.00
1.41 1.40 0.00
1.41 1.40 0.00
1.42 1.40 0.01
1.41 1.40 0.01
1.42 1.41 0.01
1.41 1.39 0.01
1.41 1.40 0.01
1.41 1.41 0.00
1.41 1.41 0.00
1.41 1.39 0.01
1.41 1.40 0.00
1.41 1.40 0.01
1.41 1.40 0.01
1.41 1.39 0.01
1.41 1.39 0.01
1.41 1.39 0.01
1.41 1.40 0.00
1.42 1.42 0.00
1.42 1.41 0.01
1.41 1.40 0.00
1.41 1.40 0.00
1.40 1.40 0.00
1.41 1.40 0.00
1.41 1.40 0.00
1.41 1.40 0.01
1.41 1.40 0.00
1.41 1.41 0.00
1.42 1.40 0.01
1.42 1.42 0.00
1.42 1.42 0.00
1.41 1.40 0.00
1.42 1.40 0.01
1.41 1.40 0.01
