0.11 0.12 0.00
0.12 0.12 0.00
0.12 0.12 0.00
0.11 0.11 0.00
0.11 0.11 0.00
0.11 0.10 0.00
0.11 0.11 0.00
0.12 0.12 0.00
0.12 0.12 0.00
0.12 0.12 0.00
0.12 0.12 0.00
0.12 0.12 0.00
0.11 0.11 0.00
0.11 0.10 0.00
0.11 0.10 0.00
0.11 0.10 0.00
0.12 0.12 0.00
0.11 0.11 0.00
0.11 0.11 0.00
0.11 0.10 0.00
0.11 0.11 0.00
0.11 0.11 0.00
0.11 0.11 0.00
0.11 0.11 0.00
0.11 0.11 0.00
0.11 0.11 0.00
0.11 0.11 0.00
0.11 0.12 0.00
0.12 0.11 0.00
0.11 0.10 0.00
0.11 0.11 0.00
0.12 0.11 0.01
0.11 0.11 0.00
0.12 0.11 0.00
0.11 0.11 0.00
0.11 0.11 0.00
0.11 0.11 0.00
0.11 0.11 0.00
0.11 0.11 0.00
0.11 0.10 0.00
0.11 0.11 0.00
0.11 0.11 0.00
0.11 0.11 0.00
0.11 0.10 0.00
0.11 0.11 0.00
0.11 0.11 0.00
0.11 0.11 0.00
0.11 0.11 0.00
0.11 0.11 0.00
0.11 0.11 0.00
0.12 0.12 0.00
0.12 0.12 0.00
0.11 0.11 0.00
0.11 0.11 0.00
0.11 0.11 0.00
0.12 0.11 0.00
0.11 0.11 0.00
0.12 0.12 0.00
0.12 0.12 0.00
0.11 0.10 0.00
0.11 0.11 0.00
0.11 0.11 0.00
0.11 0.11 0.00
0.11 0.11 0.00
0.12 0.11 0.00
0.11 0.11 0.00
0.12 0.12 0.00
0.12 0.12 0.00
0.11 0.11 0.00
0.12 0.12 0.00
0.11 0.11 0.00
0.11 0.11 0.00
0.11 0.10 0.00
0.11 0.11 0.00
0.12 0.12 0.00
0.11 0.11 0.00
0.12 0.11 0.00
0.12 0.12 0.00
0.12 0.12 0.00
0.11 0.11 0.00
0.11 0.11 0.00
0.11 0.11 0.00
0.12 0.12 0.00
0.11 0.11 0.00
0.12 0.12 0.00
0.12 0.12 0.00
0.11 0.11 0.00
0.11 0.11 0.00
0.12 0.12 0.00
0.11 0.11 0.00
0.11 0.11 0.00
0.11 0.12 0.00
0.11 0.10 0.00
0.11 0.11 0.00
0.11 0.11 0.00
0.12 0.12 0.00
0.12 0.12 0.00
0.12 0.11 0.00
0.11 0.10 0.00
0.12 0.12 0.00
